200
5940
0 0.02
1 0.95
2 0.03
3 0.23
4 0.72
5 0.55
6 0.25
7 0.63
8 0.65
9 0.27
10 0.29
11 0.03
12 0.98
13 0.12
14 0.58
15 0.60
16 0.67
17 0.06
18 0.97
19 0.19
20 0.20
21 0.82
22 0.38
23 0.28
24 0.50
25 0.52
26 0.46
27 0.68
28 0.88
29 0.01
30 0.03
31 0.15
32 0.66
33 0.35
34 0.14
35 0.12
36 0.39
37 0.48
38 0.90
39 0.56
40 0.81
41 0.47
42 0.87
43 0.50
44 0.80
45 0.70
46 0.43
47 0.07
48 0.46
49 0.53
50 0.71
51 0.42
52 0.27
53 0.53
54 0.33
55 0.50
56 0.46
57 0.35
58 0.32
59 0.77
60 0.36
61 0.19
62 0.76
63 0.22
64 0.71
65 0.89
66 0.88
67 0.12
68 0.71
69 0.50
70 0.35
71 0.25
72 0.57
73 0.45
74 0.19
75 0.73
76 0.97
77 0.42
78 0.63
79 0.87
80 0.03
81 0.71
82 0.53
83 0.86
84 0.88
85 0.90
86 0.51
87 0.43
88 0.61
89 0.73
90 0.21
91 0.30
92 0.75
93 0.23
94 0.60
95 0.72
96 0.37
97 0.31
98 0.23
99 0.79
100 0.03
101 0.39
102 0.50
103 0.16
104 0.56
105 0.27
106 0.38
107 0.98
108 0.24
109 0.16
110 0.19
111 0.75
112 0.58
113 0.00
114 0.78
115 0.08
116 0.82
117 0.48
118 0.20
119 0.29
120 0.16
121 0.63
122 0.69
123 0.15
124 0.99
125 0.04
126 0.51
127 0.31
128 0.68
129 0.62
130 0.81
131 0.84
132 0.13
133 0.73
134 0.83
135 0.46
136 0.76
137 0.73
138 0.94
139 0.96
140 0.59
141 0.06
142 0.82
143 0.14
144 0.92
145 0.91
146 0.97
147 0.04
148 0.89
149 0.93
150 0.83
151 0.30
152 0.25
153 0.08
154 0.51
155 0.05
156 0.19
157 0.09
158 0.32
159 0.89
160 0.69
161 0.67
162 0.23
163 0.32
164 0.98
165 0.04
166 0.96
167 0.53
168 0.21
169 0.85
170 0.10
171 0.33
172 0.45
173 0.54
174 0.21
175 0.10
176 0.00
177 0.50
178 0.02
179 0.98
180 0.91
181 0.50
182 0.73
183 0.62
184 0.44
185 0.98
186 0.93
187 0.44
188 0.60
189 0.78
190 0.56
191 0.88
192 0.85
193 0.99
194 0.85
195 0.48
196 0.96
197 0.11
198 0.54
199 0.83
0 3
0 11
0 15
0 16
0 17
0 19
0 20
0 29
0 30
0 34
0 40
0 41
0 43
0 44
0 45
0 48
0 49
0 55
0 56
0 59
0 60
0 62
0 64
0 65
0 68
0 72
0 73
0 75
0 77
0 78
0 81
0 84
0 87
0 89
0 91
0 92
0 94
0 95
0 96
0 97
0 107
0 110
0 114
0 117
0 118
0 119
0 120
0 121
0 122
0 125
0 138
0 143
0 148
0 154
0 155
0 156
0 158
0 159
0 161
0 164
0 169
0 172
0 183
0 186
0 195
0 196
0 198
0 199
1 7
1 20
1 25
1 26
1 27
1 28
1 37
1 39
1 40
1 41
1 42
1 45
1 46
1 54
1 59
1 62
1 66
1 70
1 73
1 77
1 80
1 94
1 99
1 100
1 105
1 107
1 109
1 119
1 124
1 130
1 132
1 134
1 135
1 138
1 139
1 141
1 146
1 148
1 152
1 155
1 156
1 158
1 161
1 165
1 169
1 171
1 174
1 179
1 185
1 186
1 195
2 11
2 13
2 14
2 17
2 20
2 23
2 27
2 32
2 37
2 39
2 44
2 47
2 48
2 52
2 54
2 58
2 60
2 61
2 62
2 70
2 73
2 83
2 91
2 98
2 106
2 110
2 111
2 112
2 113
2 124
2 127
2 130
2 132
2 133
2 135
2 136
2 143
2 149
2 152
2 153
2 154
2 160
2 162
2 163
2 167
2 171
2 172
2 173
2 180
2 182
2 191
2 192
2 195
3 7
3 10
3 12
3 13
3 15
3 16
3 21
3 29
3 36
3 38
3 39
3 44
3 45
3 46
3 56
3 57
3 58
3 60
3 68
3 71
3 75
3 77
3 80
3 82
3 87
3 88
3 91
3 92
3 99
3 100
3 103
3 104
3 107
3 109
3 110
3 112
3 115
3 121
3 122
3 126
3 130
3 132
3 133
3 136
3 137
3 138
3 140
3 145
3 147
3 151
3 153
3 157
3 158
3 162
3 167
3 168
3 169
3 172
3 178
3 182
3 183
3 184
3 186
3 187
3 189
3 191
3 193
3 195
3 197
4 5
4 7
4 8
4 11
4 13
4 14
4 28
4 31
4 49
4 50
4 54
4 57
4 58
4 64
4 65
4 70
4 72
4 76
4 77
4 81
4 87
4 88
4 90
4 95
4 98
4 101
4 104
4 110
4 117
4 121
4 122
4 125
4 126
4 127
4 140
4 150
4 152
4 153
4 164
4 165
4 167
4 169
4 171
4 174
4 176
4 179
4 181
4 184
4 187
4 193
4 198
5 11
5 12
5 22
5 23
5 25
5 29
5 30
5 34
5 40
5 43
5 46
5 48
5 49
5 52
5 57
5 60
5 63
5 67
5 68
5 71
5 76
5 77
5 79
5 83
5 84
5 93
5 96
5 98
5 115
5 119
5 123
5 124
5 128
5 132
5 138
5 139
5 144
5 148
5 152
5 154
5 155
5 156
5 157
5 160
5 161
5 164
5 168
5 170
5 173
5 174
5 176
5 177
5 178
5 183
5 184
5 185
5 188
5 190
5 196
5 198
6 16
6 20
6 22
6 23
6 25
6 26
6 28
6 30
6 40
6 42
6 43
6 51
6 53
6 56
6 59
6 62
6 63
6 67
6 70
6 71
6 72
6 76
6 81
6 82
6 83
6 88
6 93
6 96
6 99
6 100
6 101
6 102
6 112
6 114
6 121
6 126
6 129
6 131
6 132
6 146
6 148
6 150
6 155
6 161
6 165
6 171
6 174
6 175
6 180
6 184
6 185
6 187
6 193
6 196
7 9
7 10
7 14
7 20
7 22
7 24
7 30
7 31
7 35
7 44
7 47
7 56
7 58
7 59
7 64
7 65
7 67
7 68
7 71
7 74
7 75
7 76
7 78
7 83
7 90
7 94
7 99
7 101
7 104
7 110
7 111
7 118
7 123
7 128
7 134
7 138
7 142
7 144
7 147
7 153
7 154
7 157
7 160
7 163
7 164
7 166
7 167
7 168
7 169
7 170
7 172
7 179
7 183
7 191
7 193
7 196
7 197
8 18
8 20
8 25
8 28
8 29
8 31
8 33
8 35
8 37
8 38
8 39
8 41
8 42
8 46
8 55
8 58
8 64
8 69
8 71
8 75
8 77
8 86
8 87
8 88
8 89
8 91
8 92
8 93
8 98
8 105
8 106
8 109
8 121
8 122
8 127
8 128
8 134
8 135
8 136
8 138
8 140
8 142
8 144
8 151
8 153
8 156
8 158
8 159
8 161
8 163
8 165
8 166
8 167
8 174
8 176
8 178
8 185
8 190
8 197
8 198
8 199
9 11
9 12
9 13
9 15
9 18
9 23
9 28
9 31
9 44
9 48
9 51
9 54
9 55
9 56
9 61
9 64
9 66
9 67
9 69
9 73
9 77
9 79
9 80
9 81
9 82
9 84
9 85
9 89
9 93
9 96
9 99
9 108
9 110
9 116
9 117
9 118
9 124
9 126
9 128
9 133
9 135
9 136
9 142
9 146
9 148
9 151
9 152
9 156
9 168
9 169
9 173
9 176
9 178
9 180
9 183
9 184
9 189
9 190
9 192
9 198
10 12
10 16
10 17
10 20
10 22
10 24
10 25
10 28
10 34
10 35
10 42
10 46
10 52
10 55
10 58
10 63
10 64
10 65
10 70
10 74
10 76
10 82
10 86
10 93
10 97
10 104
10 105
10 107
10 115
10 117
10 123
10 126
10 127
10 128
10 132
10 133
10 136
10 139
10 140
10 143
10 147
10 148
10 150
10 152
10 153
10 159
10 166
10 167
10 176
10 177
10 182
10 189
10 190
10 196
10 197
10 198
11 13
11 15
11 16
11 20
11 24
11 27
11 29
11 30
11 35
11 36
11 41
11 54
11 56
11 61
11 62
11 67
11 70
11 79
11 80
11 82
11 88
11 93
11 94
11 96
11 98
11 100
11 101
11 107
11 108
11 110
11 113
11 115
11 118
11 119
11 120
11 121
11 123
11 126
11 127
11 129
11 130
11 132
11 140
11 147
11 154
11 155
11 159
11 162
11 167
11 169
11 170
11 172
11 177
11 179
11 180
11 184
11 192
12 13
12 16
12 24
12 36
12 39
12 43
12 44
12 45
12 53
12 62
12 65
12 71
12 72
12 73
12 74
12 76
12 78
12 79
12 81
12 85
12 86
12 87
12 89
12 90
12 95
12 96
12 97
12 98
12 106
12 107
12 109
12 111
12 114
12 116
12 119
12 121
12 122
12 124
12 126
12 129
12 138
12 145
12 147
12 161
12 162
12 165
12 168
12 171
12 174
12 176
12 181
12 182
12 185
12 188
12 196
12 199
13 16
13 17
13 20
13 21
13 23
13 28
13 32
13 33
13 37
13 38
13 41
13 45
13 46
13 47
13 49
13 51
13 52
13 56
13 76
13 77
13 78
13 80
13 81
13 82
13 87
13 89
13 90
13 91
13 92
13 97
13 101
13 103
13 107
13 110
13 113
13 115
13 116
13 118
13 119
13 120
13 121
13 122
13 123
13 126
13 127
13 128
13 129
13 130
13 133
13 136
13 137
13 141
13 144
13 149
13 150
13 152
13 153
13 154
13 162
13 165
13 167
13 168
13 170
13 173
13 174
13 175
13 178
13 182
13 185
13 187
13 190
13 191
13 199
14 16
14 18
14 24
14 34
14 36
14 39
14 42
14 56
14 57
14 60
14 62
14 64
14 67
14 74
14 75
14 77
14 78
14 79
14 80
14 83
14 84
14 86
14 94
14 96
14 102
14 103
14 104
14 112
14 113
14 114
14 122
14 123
14 125
14 130
14 133
14 135
14 136
14 141
14 143
14 146
14 148
14 151
14 155
14 162
14 165
14 166
14 172
14 174
14 186
14 187
14 190
14 192
14 194
14 195
14 198
15 28
15 29
15 30
15 33
15 36
15 37
15 47
15 48
15 49
15 52
15 61
15 63
15 71
15 73
15 80
15 87
15 88
15 89
15 97
15 101
15 106
15 108
15 112
15 115
15 120
15 122
15 127
15 128
15 129
15 138
15 140
15 141
15 146
15 148
15 151
15 159
15 160
15 165
15 175
15 177
15 178
15 179
15 184
15 185
15 190
15 194
15 196
16 17
16 19
16 22
16 23
16 30
16 32
16 34
16 41
16 44
16 45
16 46
16 59
16 61
16 63
16 64
16 75
16 78
16 82
16 85
16 87
16 88
16 89
16 91
16 105
16 110
16 111
16 114
16 116
16 117
16 118
16 119
16 121
16 125
16 135
16 140
16 143
16 146
16 147
16 150
16 152
16 155
16 157
16 158
16 162
16 164
16 165
16 166
16 168
16 171
16 175
16 176
16 177
16 178
16 179
16 184
16 187
16 193
16 196
16 197
16 199
17 21
17 23
17 26
17 28
17 32
17 34
17 35
17 41
17 43
17 50
17 53
17 54
17 62
17 63
17 66
17 67
17 68
17 71
17 73
17 76
17 77
17 79
17 90
17 91
17 93
17 94
17 95
17 97
17 98
17 105
17 107
17 120
17 124
17 127
17 129
17 134
17 142
17 144
17 150
17 161
17 162
17 167
17 171
17 179
17 185
17 189
17 196
17 197
17 198
18 20
18 27
18 30
18 32
18 35
18 39
18 40
18 44
18 50
18 53
18 54
18 57
18 63
18 64
18 65
18 69
18 72
18 74
18 82
18 84
18 87
18 89
18 90
18 95
18 100
18 101
18 103
18 107
18 112
18 122
18 126
18 128
18 129
18 130
18 132
18 134
18 136
18 137
18 142
18 146
18 148
18 150
18 151
18 152
18 155
18 161
18 166
18 170
18 172
18 176
18 185
18 188
18 189
18 190
18 193
18 194
18 195
19 22
19 24
19 30
19 32
19 34
19 37
19 40
19 41
19 52
19 56
19 60
19 65
19 71
19 73
19 74
19 80
19 82
19 83
19 86
19 88
19 92
19 94
19 95
19 99
19 101
19 104
19 105
19 108
19 115
19 117
19 119
19 121
19 124
19 125
19 130
19 133
19 134
19 137
19 139
19 142
19 145
19 146
19 147
19 149
19 150
19 152
19 153
19 162
19 165
19 174
19 186
19 190
19 192
19 193
19 196
20 28
20 32
20 33
20 34
20 38
20 41
20 43
20 44
20 47
20 49
20 51
20 52
20 55
20 56
20 61
20 73
20 75
20 76
20 78
20 79
20 80
20 82
20 83
20 84
20 88
20 89
20 98
20 106
20 107
20 109
20 116
20 118
20 130
20 131
20 132
20 134
20 137
20 144
20 145
20 149
20 150
20 152
20 154
20 155
20 158
20 160
20 164
20 166
20 167
20 168
20 169
20 171
20 177
20 182
20 187
20 188
20 192
20 195
20 196
20 197
20 198
21 28
21 32
21 33
21 39
21 47
21 52
21 54
21 55
21 56
21 59
21 63
21 68
21 70
21 73
21 75
21 88
21 89
21 92
21 94
21 95
21 96
21 97
21 98
21 100
21 102
21 103
21 106
21 108
21 118
21 123
21 126
21 132
21 133
21 143
21 145
21 148
21 149
21 150
21 158
21 160
21 166
21 170
21 176
21 184
21 188
21 193
21 195
22 23
22 34
22 43
22 47
22 50
22 62
22 66
22 69
22 71
22 72
22 73
22 74
22 76
22 82
22 83
22 88
22 91
22 92
22 96
22 101
22 104
22 106
22 110
22 112
22 115
22 117
22 121
22 126
22 129
22 130
22 136
22 137
22 138
22 141
22 142
22 144
22 147
22 151
22 155
22 156
22 158
22 166
22 168
22 169
22 171
22 172
22 173
22 177
22 178
22 179
22 183
22 187
22 188
22 189
22 197
22 198
22 199
23 24
23 28
23 31
23 36
23 38
23 40
23 42
23 47
23 53
23 59
23 68
23 69
23 73
23 80
23 83
23 84
23 86
23 88
23 90
23 93
23 99
23 101
23 104
23 105
23 115
23 119
23 141
23 145
23 149
23 157
23 166
23 169
23 170
23 171
23 174
23 177
23 179
23 182
23 187
24 33
24 34
24 36
24 37
24 38
24 41
24 45
24 46
24 50
24 52
24 54
24 56
24 58
24 61
24 63
24 68
24 70
24 74
24 75
24 77
24 81
24 85
24 86
24 89
24 90
24 93
24 95
24 100
24 102
24 114
24 120
24 124
24 126
24 133
24 141
24 142
24 147
24 150
24 151
24 158
24 161
24 166
24 167
24 168
24 178
24 180
24 185
24 187
24 189
24 191
24 192
24 193
24 194
24 195
24 198
25 31
25 34
25 35
25 42
25 45
25 51
25 59
25 62
25 63
25 64
25 65
25 68
25 69
25 73
25 74
25 77
25 80
25 88
25 91
25 98
25 100
25 101
25 110
25 111
25 112
25 113
25 116
25 117
25 118
25 127
25 131
25 134
25 136
25 138
25 140
25 141
25 147
25 150
25 160
25 161
25 163
25 164
25 173
25 176
25 182
25 184
25 185
25 186
25 191
25 195
26 28
26 35
26 36
26 38
26 40
26 43
26 52
26 58
26 59
26 71
26 72
26 73
26 74
26 76
26 77
26 79
26 81
26 86
26 90
26 96
26 100
26 103
26 105
26 108
26 111
26 115
26 116
26 122
26 123
26 129
26 131
26 136
26 143
26 149
26 158
26 160
26 165
26 175
26 177
26 178
26 183
26 184
26 189
26 190
26 195
26 197
27 28
27 29
27 31
27 32
27 36
27 37
27 38
27 39
27 42
27 43
27 46
27 50
27 69
27 73
27 74
27 81
27 84
27 90
27 91
27 92
27 94
27 101
27 103
27 105
27 112
27 113
27 115
27 116
27 123
27 126
27 129
27 130
27 135
27 139
27 141
27 142
27 143
27 151
27 152
27 153
27 154
27 163
27 166
27 167
27 168
27 172
27 173
27 174
27 175
27 178
27 181
27 188
27 189
27 196
28 30
28 31
28 32
28 34
28 37
28 38
28 40
28 42
28 43
28 44
28 49
28 57
28 68
28 69
28 78
28 81
28 83
28 86
28 87
28 96
28 98
28 99
28 108
28 114
28 116
28 120
28 126
28 135
28 136
28 141
28 150
28 151
28 155
28 157
28 162
28 163
28 174
28 176
28 177
28 180
28 181
28 184
28 186
28 188
28 189
28 190
28 192
28 193
29 30
29 37
29 40
29 45
29 50
29 54
29 55
29 57
29 59
29 65
29 67
29 69
29 70
29 74
29 77
29 79
29 80
29 81
29 82
29 89
29 90
29 92
29 93
29 96
29 101
29 102
29 110
29 111
29 114
29 116
29 118
29 123
29 136
29 139
29 148
29 151
29 153
29 161
29 165
29 169
29 170
29 172
29 177
29 181
29 182
29 184
29 186
29 190
29 191
30 31
30 33
30 35
30 40
30 42
30 56
30 57
30 58
30 61
30 66
30 68
30 69
30 71
30 72
30 73
30 80
30 83
30 87
30 94
30 99
30 100
30 103
30 107
30 119
30 121
30 127
30 129
30 137
30 144
30 146
30 147
30 150
30 151
30 156
30 162
30 166
30 168
30 170
30 176
30 184
30 187
30 190
30 191
30 192
30 197
30 199
31 38
31 49
31 52
31 55
31 57
31 61
31 63
31 65
31 67
31 71
31 75
31 81
31 82
31 88
31 89
31 91
31 92
31 93
31 102
31 104
31 106
31 107
31 109
31 116
31 125
31 129
31 134
31 135
31 137
31 142
31 146
31 147
31 152
31 155
31 167
31 173
31 176
31 177
31 183
31 184
31 185
31 187
31 193
31 195
31 198
31 199
32 34
32 37
32 42
32 49
32 51
32 55
32 56
32 57
32 65
32 84
32 85
32 86
32 87
32 90
32 93
32 97
32 100
32 101
32 109
32 112
32 113
32 120
32 121
32 123
32 124
32 125
32 128
32 132
32 133
32 134
32 135
32 136
32 138
32 143
32 145
32 150
32 152
32 157
32 162
32 168
32 170
32 186
32 187
32 188
33 35
33 46
33 47
33 48
33 49
33 50
33 51
33 52
33 55
33 57
33 58
33 61
33 64
33 66
33 68
33 70
33 72
33 73
33 74
33 79
33 83
33 85
33 86
33 87
33 88
33 89
33 94
33 99
33 123
33 131
33 132
33 144
33 145
33 147
33 150
33 156
33 161
33 168
33 170
33 173
33 175
33 181
33 185
33 186
33 187
33 190
33 193
33 198
33 199
34 40
34 44
34 46
34 48
34 49
34 54
34 59
34 60
34 62
34 67
34 73
34 77
34 78
34 80
34 85
34 86
34 89
34 90
34 96
34 99
34 100
34 101
34 112
34 120
34 121
34 122
34 128
34 131
34 136
34 137
34 138
34 141
34 143
34 144
34 147
34 152
34 153
34 158
34 161
34 162
34 163
34 165
34 170
34 175
34 178
34 182
34 186
34 193
35 37
35 39
35 49
35 50
35 51
35 70
35 71
35 72
35 76
35 78
35 82
35 88
35 89
35 91
35 92
35 95
35 98
35 99
35 104
35 105
35 114
35 120
35 127
35 129
35 133
35 150
35 151
35 156
35 157
35 158
35 161
35 163
35 164
35 167
35 168
35 169
35 174
35 177
35 179
35 190
35 191
35 192
35 197
35 198
35 199
36 38
36 48
36 55
36 58
36 59
36 62
36 66
36 67
36 69
36 70
36 72
36 74
36 83
36 84
36 86
36 89
36 90
36 93
36 98
36 101
36 103
36 105
36 106
36 108
36 111
36 115
36 116
36 118
36 119
36 124
36 127
36 128
36 132
36 136
36 137
36 138
36 141
36 142
36 147
36 150
36 151
36 155
36 161
36 166
36 176
36 177
36 180
36 187
36 194
37 43
37 58
37 59
37 64
37 65
37 69
37 72
37 73
37 76
37 77
37 79
37 82
37 89
37 95
37 96
37 105
37 110
37 113
37 116
37 117
37 118
37 119
37 120
37 121
37 124
37 133
37 134
37 137
37 139
37 141
37 147
37 148
37 149
37 150
37 152
37 155
37 157
37 158
37 160
37 165
37 166
37 171
37 177
37 180
37 186
37 187
37 190
37 193
37 195
38 45
38 49
38 51
38 57
38 58
38 63
38 65
38 67
38 68
38 73
38 75
38 78
38 82
38 85
38 89
38 90
38 91
38 95
38 100
38 101
38 102
38 106
38 108
38 111
38 112
38 114
38 118
38 120
38 121
38 125
38 130
38 131
38 132
38 136
38 138
38 147
38 162
38 164
38 172
38 176
38 177
38 178
38 182
38 183
38 184
38 187
38 188
38 189
38 195
39 40
39 41
39 43
39 46
39 49
39 62
39 63
39 68
39 72
39 74
39 80
39 82
39 83
39 88
39 89
39 90
39 99
39 103
39 105
39 106
39 110
39 112
39 123
39 127
39 128
39 129
39 130
39 133
39 134
39 136
39 141
39 143
39 146
39 151
39 152
39 156
39 158
39 164
39 166
39 169
39 175
39 189
39 190
39 191
39 193
39 195
40 43
40 45
40 46
40 57
40 58
40 59
40 60
40 64
40 67
40 70
40 74
40 79
40 89
40 95
40 98
40 99
40 107
40 108
40 111
40 118
40 123
40 129
40 137
40 139
40 140
40 141
40 145
40 147
40 151
40 159
40 165
40 170
40 187
40 188
40 190
40 197
40 199
41 46
41 52
41 54
41 61
41 64
41 66
41 67
41 70
41 73
41 78
41 85
41 87
41 88
41 91
41 92
41 95
41 97
41 100
41 103
41 105
41 106
41 108
41 109
41 110
41 113
41 118
41 122
41 123
41 125
41 129
41 131
41 132
41 133
41 134
41 137
41 145
41 148
41 160
41 162
41 168
41 170
41 171
41 173
41 179
41 180
41 183
41 186
41 191
41 198
42 49
42 51
42 55
42 58
42 60
42 61
42 62
42 64
42 67
42 72
42 77
42 79
42 85
42 89
42 92
42 94
42 95
42 96
42 97
42 98
42 100
42 116
42 119
42 130
42 132
42 133
42 138
42 147
42 151
42 154
42 156
42 157
42 158
42 163
42 167
42 168
42 173
42 177
42 179
42 181
42 184
42 186
42 187
42 190
42 193
42 195
42 197
42 198
43 44
43 47
43 52
43 55
43 56
43 58
43 60
43 69
43 70
43 71
43 79
43 87
43 89
43 91
43 93
43 98
43 101
43 104
43 109
43 112
43 126
43 129
43 133
43 134
43 135
43 138
43 140
43 141
43 145
43 146
43 148
43 156
43 160
43 161
43 167
43 170
43 172
43 175
43 185
43 187
43 189
43 192
43 198
44 45
44 46
44 47
44 49
44 50
44 53
44 54
44 56
44 57
44 59
44 63
44 66
44 70
44 71
44 73
44 75
44 89
44 91
44 92
44 98
44 101
44 125
44 127
44 133
44 141
44 148
44 150
44 151
44 153
44 156
44 158
44 163
44 165
44 167
44 170
44 179
44 182
44 189
44 191
44 195
44 198
44 199
45 46
45 52
45 54
45 56
45 57
45 61
45 62
45 63
45 73
45 78
45 79
45 80
45 84
45 87
45 88
45 92
45 93
45 94
45 100
45 102
45 103
45 117
45 121
45 122
45 127
45 133
45 136
45 139
45 141
45 142
45 144
45 147
45 148
45 151
45 154
45 165
45 167
45 170
45 176
45 183
45 186
45 192
45 196
46 47
46 49
46 50
46 52
46 54
46 55
46 56
46 64
46 65
46 67
46 69
46 70
46 76
46 80
46 82
46 83
46 85
46 90
46 91
46 93
46 94
46 96
46 97
46 100
46 101
46 105
46 111
46 112
46 115
46 116
46 120
46 125
46 127
46 130
46 134
46 137
46 141
46 150
46 157
46 159
46 160
46 161
46 164
46 166
46 168
46 170
46 171
46 176
46 177
46 178
46 179
46 180
46 185
46 186
46 188
46 192
46 196
46 197
47 50
47 51
47 52
47 59
47 65
47 67
47 69
47 73
47 74
47 78
47 79
47 83
47 97
47 98
47 102
47 103
47 107
47 108
47 109
47 113
47 117
47 124
47 126
47 131
47 135
47 138
47 139
47 141
47 149
47 152
47 154
47 160
47 162
47 164
47 165
47 168
47 172
47 173
47 177
47 178
47 182
47 183
47 187
47 196
47 198
47 199
48 49
48 50
48 54
48 56
48 58
48 60
48 62
48 63
48 65
48 75
48 77
48 79
48 85
48 87
48 90
48 101
48 102
48 106
48 113
48 117
48 118
48 122
48 136
48 138
48 144
48 147
48 149
48 152
48 159
48 161
48 162
48 164
48 171
48 176
48 177
48 179
48 180
48 182
48 186
48 188
48 196
48 197
49 50
49 51
49 54
49 55
49 57
49 61
49 66
49 67
49 69
49 71
49 73
49 76
49 79
49 82
49 85
49 86
49 90
49 95
49 107
49 113
49 116
49 118
49 120
49 122
49 128
49 129
49 131
49 133
49 136
49 140
49 141
49 146
49 155
49 162
49 174
49 177
49 181
49 183
49 184
49 189
49 195
49 198
49 199
50 52
50 56
50 57
50 58
50 64
50 67
50 74
50 76
50 78
50 79
50 81
50 85
50 86
50 90
50 99
50 100
50 103
50 105
50 108
50 113
50 117
50 118
50 120
50 126
50 129
50 130
50 132
50 134
50 137
50 138
50 139
50 141
50 152
50 153
50 158
50 169
50 175
50 176
50 178
50 179
50 184
50 190
50 191
50 195
51 55
51 58
51 62
51 65
51 70
51 71
51 83
51 85
51 99
51 101
51 103
51 104
51 106
51 108
51 116
51 118
51 123
51 130
51 133
51 135
51 142
51 147
51 148
51 150
51 151
51 155
51 156
51 164
51 166
51 168
51 178
51 179
51 180
51 181
51 182
51 183
51 187
51 193
51 196
51 197
51 198
52 55
52 56
52 62
52 70
52 72
52 73
52 81
52 83
52 84
52 86
52 87
52 91
52 92
52 95
52 102
52 106
52 107
52 108
52 112
52 115
52 116
52 122
52 127
52 128
52 130
52 133
52 135
52 139
52 140
52 141
52 145
52 150
52 151
52 153
52 154
52 156
52 157
52 163
52 165
52 172
52 182
52 183
52 192
52 193
52 194
52 195
52 196
52 197
53 58
53 62
53 63
53 64
53 77
53 78
53 79
53 89
53 90
53 91
53 95
53 101
53 103
53 104
53 108
53 113
53 117
53 124
53 126
53 129
53 137
53 139
53 141
53 142
53 145
53 146
53 151
53 154
53 159
53 161
53 167
53 172
53 178
53 184
53 194
54 55
54 57
54 59
54 60
54 62
54 64
54 73
54 76
54 79
54 85
54 93
54 101
54 104
54 107
54 113
54 115
54 116
54 121
54 124
54 125
54 128
54 129
54 131
54 135
54 136
54 137
54 143
54 146
54 147
54 153
54 158
54 166
54 171
54 172
54 173
54 175
54 176
54 177
54 178
54 181
54 186
54 194
54 197
55 59
55 66
55 68
55 71
55 72
55 75
55 76
55 79
55 82
55 87
55 90
55 94
55 96
55 97
55 100
55 101
55 104
55 106
55 107
55 113
55 115
55 117
55 121
55 122
55 124
55 126
55 127
55 135
55 137
55 141
55 145
55 148
55 149
55 152
55 157
55 165
55 169
55 174
55 175
55 178
55 179
55 184
55 187
55 188
55 190
55 193
55 198
55 199
56 62
56 66
56 75
56 77
56 78
56 87
56 90
56 96
56 97
56 99
56 101
56 102
56 116
56 117
56 118
56 121
56 122
56 123
56 124
56 128
56 140
56 141
56 144
56 146
56 158
56 167
56 168
56 171
56 172
56 176
56 181
56 183
56 184
56 194
56 199
57 67
57 74
57 77
57 78
57 79
57 96
57 98
57 99
57 100
57 109
57 112
57 115
57 120
57 122
57 123
57 127
57 128
57 132
57 144
57 145
57 150
57 151
57 153
57 154
57 164
57 165
57 167
57 168
57 169
57 174
57 175
57 184
57 189
57 192
57 194
57 195
57 197
58 60
58 63
58 70
58 72
58 75
58 76
58 81
58 82
58 85
58 86
58 91
58 92
58 94
58 96
58 98
58 99
58 100
58 101
58 102
58 103
58 104
58 107
58 112
58 121
58 126
58 127
58 128
58 129
58 136
58 137
58 138
58 140
58 143
58 144
58 145
58 147
58 148
58 151
58 152
58 154
58 160
58 163
58 164
58 169
58 175
58 179
58 182
58 184
58 187
58 188
58 191
59 60
59 62
59 70
59 72
59 73
59 78
59 81
59 84
59 92
59 93
59 99
59 100
59 101
59 107
59 110
59 116
59 118
59 123
59 126
59 135
59 137
59 140
59 144
59 146
59 153
59 160
59 161
59 166
59 170
59 172
59 176
59 178
59 181
59 182
59 184
59 186
59 188
59 196
60 61
60 62
60 64
60 68
60 75
60 76
60 77
60 79
60 83
60 84
60 86
60 87
60 88
60 89
60 93
60 95
60 100
60 105
60 106
60 107
60 110
60 111
60 114
60 123
60 124
60 125
60 128
60 135
60 136
60 142
60 145
60 151
60 154
60 168
60 176
60 177
60 178
60 182
60 185
60 191
60 192
60 198
60 199
61 63
61 65
61 72
61 74
61 75
61 76
61 79
61 80
61 81
61 82
61 84
61 86
61 93
61 100
61 103
61 107
61 110
61 114
61 119
61 121
61 125
61 133
61 135
61 141
61 144
61 150
61 166
61 168
61 170
61 181
61 190
61 192
61 193
61 197
62 67
62 69
62 71
62 79
62 80
62 84
62 86
62 90
62 95
62 96
62 100
62 103
62 104
62 106
62 112
62 114
62 115
62 118
62 121
62 124
62 126
62 127
62 130
62 134
62 136
62 146
62 147
62 148
62 149
62 150
62 156
62 158
62 167
62 171
62 172
62 174
62 180
62 182
62 186
62 198
63 71
63 72
63 73
63 79
63 80
63 81
63 90
63 93
63 99
63 103
63 112
63 116
63 117
63 118
63 125
63 126
63 127
63 129
63 130
63 131
63 132
63 133
63 135
63 142
63 144
63 147
63 149
63 153
63 156
63 169
63 170
63 176
63 179
63 183
63 186
63 187
63 195
63 198
64 65
64 66
64 67
64 74
64 76
64 77
64 78
64 79
64 85
64 94
64 95
64 96
64 106
64 108
64 112
64 113
64 117
64 124
64 126
64 127
64 128
64 131
64 134
64 138
64 141
64 143
64 145
64 146
64 148
64 149
64 151
64 152
64 155
64 164
64 165
64 169
64 170
64 172
64 177
64 180
64 183
64 185
64 194
64 196
65 68
65 72
65 78
65 80
65 82
65 83
65 85
65 87
65 89
65 90
65 105
65 107
65 109
65 110
65 111
65 113
65 124
65 134
65 148
65 152
65 153
65 157
65 158
65 159
65 160
65 161
65 163
65 166
65 171
65 181
65 184
65 190
65 191
65 192
65 193
65 194
65 195
65 198
66 68
66 73
66 74
66 82
66 85
66 86
66 88
66 89
66 90
66 92
66 94
66 98
66 99
66 104
66 109
66 110
66 111
66 112
66 113
66 115
66 121
66 122
66 125
66 135
66 138
66 141
66 148
66 156
66 159
66 160
66 161
66 166
66 168
66 171
66 174
66 175
66 181
66 182
66 185
66 198
66 199
67 69
67 71
67 77
67 83
67 90
67 91
67 92
67 96
67 98
67 100
67 101
67 106
67 108
67 111
67 115
67 118
67 119
67 122
67 125
67 126
67 134
67 135
67 140
67 145
67 150
67 151
67 152
67 157
67 162
67 167
67 168
67 174
67 178
67 189
67 192
68 69
68 70
68 73
68 74
68 75
68 77
68 79
68 81
68 82
68 85
68 88
68 94
68 98
68 103
68 107
68 112
68 117
68 121
68 129
68 132
68 133
68 134
68 137
68 139
68 140
68 141
68 147
68 149
68 151
68 152
68 164
68 165
68 166
68 171
68 173
68 174
68 177
68 179
68 181
68 182
68 184
68 188
68 189
68 197
69 71
69 74
69 82
69 86
69 87
69 93
69 95
69 96
69 99
69 102
69 103
69 107
69 111
69 116
69 117
69 123
69 124
69 140
69 143
69 145
69 148
69 150
69 151
69 154
69 159
69 160
69 161
69 162
69 165
69 167
69 181
69 184
69 185
69 187
69 190
69 193
69 194
69 195
70 71
70 79
70 81
70 82
70 83
70 87
70 89
70 90
70 98
70 100
70 101
70 105
70 106
70 108
70 112
70 118
70 120
70 123
70 130
70 131
70 137
70 150
70 158
70 163
70 164
70 165
70 166
70 169
70 170
70 173
70 175
70 176
70 185
70 188
70 190
70 199
71 72
71 73
71 75
71 79
71 81
71 83
71 86
71 98
71 99
71 104
71 105
71 109
71 114
71 115
71 116
71 117
71 118
71 125
71 126
71 129
71 131
71 133
71 134
71 135
71 136
71 140
71 141
71 147
71 150
71 154
71 157
71 158
71 164
71 171
71 175
71 176
71 181
71 182
71 183
71 184
71 188
71 192
71 193
71 196
71 197
72 76
72 77
72 79
72 80
72 81
72 82
72 83
72 85
72 90
72 94
72 100
72 102
72 105
72 108
72 111
72 114
72 116
72 122
72 124
72 136
72 137
72 138
72 141
72 142
72 143
72 145
72 153
72 154
72 158
72 160
72 162
72 164
72 168
72 171
72 172
72 173
72 174
72 177
72 178
72 179
72 184
72 187
72 190
72 192
72 196
73 75
73 84
73 85
73 87
73 89
73 92
73 93
73 98
73 104
73 107
73 112
73 114
73 115
73 119
73 120
73 127
73 128
73 129
73 137
73 139
73 141
73 144
73 152
73 153
73 155
73 157
73 162
73 163
73 168
73 174
73 176
73 177
73 179
73 181
73 184
73 185
73 186
73 196
73 197
74 76
74 78
74 80
74 86
74 89
74 94
74 95
74 97
74 105
74 108
74 109
74 110
74 111
74 113
74 115
74 118
74 119
74 124
74 125
74 137
74 143
74 146
74 147
74 150
74 152
74 168
74 169
74 172
74 174
74 175
74 176
74 179
74 182
74 191
74 192
74 196
75 76
75 79
75 81
75 82
75 85
75 89
75 90
75 92
75 93
75 94
75 95
75 96
75 97
75 100
75 101
75 104
75 107
75 108
75 113
75 115
75 117
75 126
75 129
75 134
75 135
75 136
75 140
75 141
75 142
75 143
75 148
75 149
75 150
75 152
75 155
75 156
75 160
75 161
75 162
75 165
75 169
75 179
75 181
75 182
75 184
75 191
75 194
75 195
75 196
76 85
76 89
76 90
76 96
76 102
76 106
76 108
76 111
76 113
76 121
76 125
76 127
76 131
76 138
76 142
76 144
76 146
76 150
76 151
76 154
76 158
76 159
76 161
76 162
76 167
76 172
76 174
76 176
76 178
76 179
76 182
76 183
76 184
76 185
76 186
76 190
76 192
76 198
77 80
77 81
77 95
77 98
77 105
77 110
77 111
77 116
77 119
77 122
77 128
77 131
77 133
77 135
77 140
77 141
77 143
77 146
77 147
77 152
77 153
77 159
77 164
77 165
77 168
77 172
77 176
77 177
77 178
77 180
77 182
77 184
77 185
77 187
77 188
77 189
77 191
77 192
77 194
77 198
78 88
78 90
78 98
78 99
78 101
78 109
78 111
78 113
78 117
78 119
78 121
78 123
78 130
78 131
78 136
78 139
78 145
78 146
78 157
78 160
78 161
78 163
78 166
78 168
78 169
78 173
78 176
78 177
78 186
78 187
78 190
78 191
78 193
78 195
78 196
79 80
79 83
79 86
79 88
79 93
79 97
79 103
79 106
79 108
79 114
79 124
79 128
79 130
79 132
79 135
79 137
79 140
79 150
79 155
79 159
79 160
79 163
79 165
79 172
79 174
79 176
79 181
79 183
79 188
79 195
79 198
79 199
80 86
80 89
80 96
80 99
80 100
80 101
80 102
80 104
80 127
80 130
80 140
80 143
80 144
80 152
80 154
80 157
80 163
80 165
80 167
80 168
80 169
80 178
80 184
80 187
80 189
80 195
81 84
81 87
81 89
81 92
81 93
81 95
81 96
81 99
81 100
81 104
81 105
81 113
81 116
81 122
81 128
81 130
81 131
81 132
81 133
81 136
81 141
81 142
81 143
81 144
81 156
81 161
81 162
81 163
81 164
81 168
81 171
81 176
81 177
81 180
81 181
81 188
81 194
81 199
82 83
82 91
82 93
82 94
82 97
82 102
82 106
82 111
82 112
82 113
82 116
82 122
82 123
82 127
82 130
82 131
82 137
82 138
82 139
82 144
82 148
82 150
82 152
82 160
82 161
82 162
82 163
82 165
82 167
82 170
82 176
82 177
82 178
82 182
82 184
82 195
82 196
82 197
82 198
83 85
83 88
83 89
83 90
83 92
83 99
83 102
83 103
83 104
83 110
83 111
83 115
83 119
83 120
83 121
83 126
83 129
83 130
83 132
83 133
83 135
83 138
83 141
83 144
83 151
83 153
83 158
83 162
83 163
83 168
83 173
83 175
83 177
83 179
83 186
83 196
83 197
84 85
84 86
84 88
84 98
84 100
84 105
84 111
84 115
84 118
84 120
84 121
84 123
84 124
84 126
84 127
84 128
84 129
84 132
84 133
84 134
84 137
84 141
84 148
84 150
84 153
84 154
84 155
84 158
84 162
84 168
84 170
84 171
84 173
84 178
84 182
84 192
84 193
84 195
84 197
84 199
85 87
85 88
85 92
85 96
85 97
85 98
85 105
85 107
85 110
85 111
85 116
85 117
85 121
85 122
85 132
85 133
85 136
85 137
85 138
85 140
85 142
85 146
85 155
85 158
85 161
85 171
85 175
85 180
85 182
85 185
85 186
85 189
85 190
85 191
85 192
85 197
86 87
86 92
86 93
86 97
86 100
86 101
86 103
86 109
86 116
86 126
86 128
86 138
86 143
86 147
86 149
86 150
86 152
86 154
86 162
86 166
86 169
86 175
86 180
86 182
86 183
86 186
86 187
86 188
86 190
86 197
87 93
87 98
87 99
87 102
87 103
87 105
87 108
87 109
87 110
87 112
87 115
87 118
87 119
87 123
87 126
87 127
87 129
87 135
87 138
87 139
87 144
87 147
87 152
87 153
87 156
87 158
87 163
87 165
87 167
87 169
87 170
87 174
87 181
87 184
87 185
87 191
87 196
87 198
87 199
88 98
88 102
88 104
88 107
88 108
88 112
88 116
88 118
88 119
88 120
88 121
88 122
88 123
88 124
88 125
88 128
88 129
88 131
88 133
88 142
88 144
88 145
88 146
88 148
88 152
88 154
88 158
88 162
88 171
88 174
88 175
88 176
88 179
88 184
88 192
88 196
88 198
89 95
89 97
89 99
89 101
89 111
89 116
89 119
89 121
89 131
89 132
89 139
89 143
89 146
89 147
89 151
89 156
89 157
89 165
89 169
89 170
89 174
89 178
89 183
89 195
90 93
90 94
90 95
90 97
90 100
90 105
90 110
90 112
90 115
90 117
90 122
90 124
90 132
90 134
90 135
90 136
90 139
90 140
90 142
90 144
90 145
90 148
90 154
90 158
90 159
90 161
90 166
90 169
90 180
90 181
90 182
90 183
90 187
90 194
91 92
91 95
91 97
91 102
91 103
91 104
91 105
91 107
91 116
91 120
91 129
91 132
91 137
91 138
91 139
91 143
91 146
91 149
91 150
91 156
91 159
91 160
91 167
91 172
91 173
91 175
91 177
91 188
91 192
91 193
91 198
91 199
92 95
92 98
92 102
92 103
92 104
92 106
92 115
92 116
92 117
92 121
92 124
92 128
92 144
92 148
92 152
92 155
92 156
92 167
92 168
92 175
92 180
92 181
92 188
92 189
92 195
92 196
92 198
93 94
93 101
93 110
93 115
93 121
93 132
93 134
93 135
93 139
93 141
93 145
93 148
93 150
93 159
93 164
93 165
93 168
93 171
93 172
93 174
93 175
93 178
93 180
93 183
93 187
93 194
93 195
93 197
93 199
94 99
94 101
94 106
94 107
94 114
94 119
94 120
94 129
94 130
94 134
94 135
94 137
94 146
94 147
94 151
94 159
94 162
94 165
94 169
94 171
94 180
94 184
94 185
94 187
94 190
94 197
95 97
95 101
95 102
95 104
95 115
95 117
95 119
95 120
95 121
95 126
95 128
95 131
95 132
95 133
95 138
95 144
95 145
95 148
95 149
95 151
95 155
95 156
95 162
95 164
95 172
95 174
95 176
95 178
95 179
95 183
95 185
95 186
95 189
95 191
95 194
95 197
95 199
96 105
96 106
96 108
96 109
96 111
96 114
96 116
96 118
96 121
96 122
96 123
96 125
96 134
96 135
96 138
96 139
96 142
96 143
96 149
96 155
96 159
96 163
96 169
96 170
96 172
96 176
96 179
96 181
96 183
96 185
96 186
96 189
96 190
96 191
96 195
96 198
96 199
97 99
97 100
97 105
97 106
97 107
97 110
97 111
97 121
97 122
97 124
97 125
97 136
97 140
97 141
97 146
97 154
97 157
97 161
97 162
97 166
97 171
97 172
97 174
97 175
97 178
97 185
97 188
97 193
97 195
97 197
97 198
97 199
98 100
98 104
98 107
98 109
98 116
98 122
98 123
98 124
98 125
98 139
98 140
98 144
98 146
98 148
98 151
98 152
98 156
98 159
98 160
98 163
98 165
98 179
98 183
98 185
98 186
98 190
98 195
98 196
98 197
99 101
99 103
99 105
99 108
99 112
99 113
99 117
99 126
99 136
99 145
99 147
99 149
99 150
99 151
99 153
99 154
99 156
99 166
99 169
99 181
99 182
99 183
99 191
99 193
99 199
100 101
100 119
100 121
100 122
100 124
100 130
100 134
100 136
100 137
100 138
100 140
100 141
100 142
100 144
100 147
100 149
100 155
100 160
100 161
100 164
100 169
100 170
100 173
100 175
100 178
100 180
100 181
100 190
100 191
100 193
100 196
100 197
100 199
101 102
101 104
101 105
101 106
101 107
101 108
101 117
101 118
101 119
101 120
101 121
101 125
101 128
101 132
101 133
101 134
101 135
101 136
101 137
101 140
101 142
101 146
101 150
101 151
101 152
101 156
101 158
101 163
101 167
101 168
101 169
101 171
101 173
101 184
101 185
101 188
101 192
101 196
101 197
101 199
102 103
102 105
102 109
102 111
102 112
102 115
102 116
102 118
102 120
102 123
102 125
102 128
102 129
102 132
102 135
102 140
102 149
102 152
102 153
102 155
102 159
102 162
102 164
102 166
102 169
102 172
102 181
102 182
102 183
102 185
102 192
102 193
102 194
102 196
103 113
103 115
103 116
103 121
103 124
103 127
103 130
103 131
103 132
103 135
103 137
103 143
103 147
103 155
103 157
103 158
103 161
103 162
103 163
103 166
103 168
103 176
103 178
103 180
103 182
103 194
103 196
104 105
104 106
104 108
104 109
104 117
104 121
104 123
104 127
104 128
104 130
104 143
104 145
104 146
104 147
104 150
104 151
104 162
104 163
104 164
104 169
104 170
104 182
104 185
104 193
104 197
105 106
105 107
105 110
105 113
105 115
105 117
105 123
105 125
105 131
105 132
105 134
105 136
105 138
105 142
105 144
105 145
105 146
105 147
105 149
105 151
105 154
105 156
105 161
105 162
105 163
105 167
105 174
105 179
105 185
105 190
105 192
105 199
106 114
106 116
106 117
106 122
106 123
106 124
106 129
106 130
106 136
106 140
106 144
106 146
106 147
106 152
106 155
106 157
106 164
106 167
106 169
106 171
106 172
106 179
106 180
106 183
106 184
106 185
106 187
106 189
106 190
106 191
106 192
106 194
106 195
106 197
106 199
107 111
107 113
107 114
107 120
107 129
107 130
107 134
107 135
107 138
107 141
107 145
107 151
107 153
107 156
107 157
107 159
107 164
107 167
107 168
107 169
107 177
107 180
107 185
107 195
107 199
108 110
108 111
108 112
108 117
108 126
108 127
108 133
108 135
108 142
108 144
108 146
108 149
108 157
108 158
108 159
108 166
108 169
108 174
108 181
108 182
108 188
108 195
109 112
109 118
109 119
109 122
109 123
109 125
109 128
109 140
109 142
109 144
109 147
109 149
109 151
109 152
109 153
109 158
109 160
109 168
109 170
109 171
109 173
109 176
109 179
109 183
109 184
109 186
109 187
109 188
109 189
109 191
109 193
109 194
109 195
110 113
110 129
110 132
110 134
110 139
110 146
110 147
110 148
110 151
110 152
110 157
110 160
110 168
110 169
110 171
110 175
110 179
110 188
110 190
110 194
110 196
110 197
110 198
110 199
111 115
111 118
111 120
111 121
111 123
111 126
111 129
111 130
111 133
111 134
111 141
111 144
111 146
111 152
111 158
111 162
111 163
111 165
111 166
111 167
111 170
111 172
111 176
111 192
111 196
112 113
112 115
112 116
112 117
112 119
112 124
112 125
112 131
112 136
112 138
112 139
112 141
112 145
112 146
112 151
112 155
112 157
112 158
112 160
112 161
112 163
112 168
112 178
112 180
112 181
112 182
112 185
112 187
112 189
112 192
112 194
112 196
112 198
113 116
113 117
113 121
113 125
113 126
113 131
113 132
113 133
113 136
113 138
113 141
113 142
113 148
113 150
113 153
113 156
113 158
113 162
113 163
113 167
113 170
113 174
113 175
113 178
113 179
113 180
113 182
113 184
113 185
113 189
113 191
113 193
113 199
114 116
114 121
114 123
114 125
114 126
114 127
114 129
114 131
114 132
114 133
114 138
114 144
114 148
114 151
114 154
114 159
114 162
114 165
114 166
114 169
114 171
114 173
114 178
114 179
114 180
114 184
114 186
114 187
114 190
114 193
114 199
115 117
115 122
115 126
115 127
115 131
115 137
115 139
115 146
115 147
115 154
115 156
115 163
115 165
115 166
115 168
115 171
115 178
115 179
115 184
115 186
115 187
115 196
115 197
115 198
116 119
116 121
116 122
116 129
116 133
116 142
116 146
116 148
116 149
116 150
116 151
116 152
116 153
116 155
116 157
116 159
116 160
116 163
116 169
116 173
116 180
116 182
116 183
116 184
116 187
116 190
116 191
116 192
116 196
117 118
117 125
117 127
117 128
117 131
117 134
117 148
117 149
117 151
117 153
117 160
117 164
117 167
117 172
117 173
117 174
117 178
117 181
117 185
117 196
117 199
118 128
118 136
118 143
118 145
118 146
118 150
118 151
118 155
118 161
118 165
118 171
118 175
118 176
118 179
118 180
118 181
118 183
118 187
118 195
118 198
118 199
119 120
119 122
119 123
119 124
119 125
119 128
119 131
119 134
119 135
119 138
119 140
119 143
119 146
119 150
119 162
119 164
119 167
119 171
119 172
119 174
119 176
119 177
119 178
119 182
119 184
119 185
119 192
120 130
120 138
120 139
120 142
120 148
120 151
120 152
120 156
120 169
120 171
120 174
120 175
120 178
120 182
120 183
120 190
120 191
120 193
120 194
120 196
120 199
121 122
121 124
121 129
121 130
121 131
121 132
121 133
121 140
121 144
121 147
121 150
121 156
121 160
121 164
121 165
121 168
121 171
121 172
121 174
121 178
121 181
122 128
122 144
122 145
122 148
122 155
122 156
122 164
122 172
122 173
122 175
122 180
122 189
122 190
122 195
122 196
122 199
123 125
123 126
123 128
123 129
123 130
123 132
123 134
123 142
123 144
123 146
123 147
123 152
123 155
123 157
123 161
123 166
123 171
123 177
123 180
123 181
123 186
123 191
123 198
124 134
124 135
124 140
124 141
124 142
124 143
124 146
124 152
124 156
124 158
124 159
124 160
124 161
124 170
124 174
124 178
124 180
124 182
124 187
124 193
124 195
125 127
125 129
125 131
125 134
125 135
125 139
125 140
125 151
125 155
125 159
125 165
125 166
125 168
125 170
125 171
125 175
125 178
125 180
125 183
125 193
126 129
126 130
126 132
126 135
126 136
126 142
126 151
126 152
126 159
126 160
126 165
126 166
126 169
126 173
126 176
126 178
126 182
126 187
126 199
127 128
127 131
127 135
127 137
127 138
127 139
127 146
127 148
127 156
127 164
127 165
127 169
127 171
127 172
127 176
127 187
127 188
127 191
127 198
128 131
128 133
128 139
128 140
128 141
128 144
128 146
128 147
128 149
128 150
128 154
128 166
128 168
128 169
128 170
128 172
128 174
128 179
128 182
128 186
128 191
128 192
128 194
128 199
129 131
129 133
129 141
129 145
129 152
129 155
129 160
129 161
129 169
129 170
129 173
129 174
129 177
129 183
129 187
129 190
129 192
129 194
129 196
130 135
130 136
130 137
130 139
130 141
130 142
130 148
130 152
130 154
130 157
130 158
130 159
130 161
130 165
130 166
130 167
130 177
130 180
130 182
130 183
130 184
130 186
130 190
130 195
130 197
130 198
131 132
131 136
131 137
131 141
131 146
131 148
131 149
131 150
131 153
131 157
131 158
131 162
131 165
131 169
131 170
131 171
131 172
131 174
131 176
131 177
131 180
131 183
131 190
131 193
131 197
131 198
132 133
132 134
132 145
132 153
132 155
132 160
132 161
132 163
132 168
132 170
132 171
132 181
132 185
132 186
132 188
132 191
132 193
132 195
132 196
132 197
132 199
133 134
133 135
133 141
133 144
133 145
133 147
133 151
133 155
133 158
133 163
133 166
133 167
133 170
133 173
133 178
133 183
133 191
133 195
134 137
134 139
134 140
134 143
134 147
134 148
134 152
134 156
134 159
134 160
134 165
134 171
134 177
134 178
134 180
134 191
134 193
134 197
134 199
135 136
135 144
135 146
135 155
135 156
135 159
135 161
135 164
135 169
135 172
135 175
135 176
135 177
135 186
135 197
136 143
136 147
136 151
136 174
136 175
136 180
136 182
136 183
136 184
136 185
136 187
136 189
136 190
136 193
136 194
137 138
137 139
137 140
137 146
137 153
137 157
137 162
137 163
137 164
137 168
137 172
137 178
137 185
137 192
137 195
137 197
138 147
138 151
138 154
138 158
138 160
138 168
138 169
138 177
138 179
138 182
138 184
138 187
138 188
139 142
139 146
139 156
139 157
139 158
139 161
139 163
139 164
139 165
139 167
139 171
139 172
139 177
139 183
139 185
139 189
139 192
139 194
139 195
139 196
139 197
140 141
140 143
140 146
140 147
140 149
140 154
140 156
140 161
140 162
140 165
140 172
140 176
140 182
140 185
140 186
140 187
140 190
140 194
140 196
140 197
141 143
141 147
141 151
141 153
141 155
141 156
141 157
141 159
141 164
141 166
141 170
141 171
141 174
141 176
141 177
141 178
141 183
141 185
141 188
141 191
141 195
141 196
141 198
142 146
142 148
142 152
142 154
142 158
142 160
142 168
142 173
142 180
142 183
142 188
142 193
143 146
143 147
143 149
143 153
143 158
143 159
143 160
143 161
143 163
143 165
143 168
143 173
143 174
143 178
143 180
143 184
143 186
143 187
143 189
143 190
143 192
143 194
143 196
144 152
144 153
144 155
144 157
144 159
144 163
144 166
144 168
144 169
144 170
144 178
144 179
144 182
144 186
144 188
144 193
144 198
144 199
145 149
145 151
145 152
145 153
145 154
145 156
145 157
145 158
145 163
145 169
145 170
145 172
145 178
145 179
145 183
145 190
145 191
145 193
145 194
145 195
145 196
145 199
146 147
146 149
146 150
146 154
146 156
146 163
146 166
146 171
146 173
146 176
146 178
146 183
146 186
146 191
146 192
146 193
146 197
146 198
147 148
147 149
147 155
147 161
147 162
147 163
147 165
147 170
147 172
147 179
147 180
147 189
147 191
147 192
147 193
147 196
148 149
148 159
148 160
148 164
148 165
148 170
148 172
148 176
148 178
148 179
148 182
148 188
148 191
148 192
148 198
149 150
149 151
149 154
149 161
149 162
149 169
149 174
149 176
149 183
149 185
149 186
149 188
149 191
149 193
149 194
150 156
150 159
150 163
150 166
150 170
150 171
150 177
150 181
150 183
150 187
150 194
150 195
150 197
150 199
151 154
151 155
151 161
151 170
151 172
151 173
151 175
151 181
151 183
151 186
151 188
151 190
151 191
151 192
151 195
151 198
152 153
152 155
152 156
152 159
152 160
152 162
152 164
152 170
152 174
152 178
152 181
152 183
152 184
152 185
152 192
152 194
153 154
153 158
153 159
153 164
153 166
153 167
153 170
153 171
153 172
153 173
153 174
153 177
153 182
153 185
153 188
154 162
154 163
154 164
154 166
154 168
154 169
154 170
154 171
154 185
154 186
154 195
154 196
155 160
155 166
155 175
155 182
155 183
155 185
155 187
155 193
155 197
156 158
156 164
156 167
156 168
156 169
156 172
156 174
156 179
156 182
156 187
156 191
156 192
156 199
157 175
157 177
157 182
157 183
157 188
157 189
157 193
157 195
157 196
158 174
158 176
158 190
158 193
158 197
158 199
159 163
159 164
159 172
159 174
159 175
159 176
159 179
159 180
159 181
159 185
159 188
159 194
159 196
159 197
159 199
160 162
160 163
160 170
160 171
160 174
160 177
160 182
160 183
160 187
160 190
160 191
160 192
160 193
160 198
161 164
161 165
161 166
161 170
161 176
161 179
161 183
161 187
161 191
161 192
161 196
162 164
162 167
162 170
162 171
162 178
162 181
162 187
162 194
162 197
162 198
163 168
163 169
163 179
163 181
163 182
163 185
163 190
163 191
164 168
164 171
164 173
164 176
164 193
164 197
165 169
165 173
165 174
165 177
165 179
165 181
165 185
165 186
165 191
165 192
165 194
166 168
166 170
166 175
166 179
166 190
166 191
166 192
166 194
166 198
166 199
167 169
167 170
167 180
167 181
167 184
167 188
167 190
167 191
167 192
167 193
168 179
168 183
168 185
168 192
168 197
169 172
169 174
169 178
169 181
169 182
169 183
169 185
169 186
169 187
169 191
169 193
169 194
169 195
169 196
170 176
170 177
170 178
170 180
170 182
170 185
170 187
170 190
170 192
170 193
170 194
170 195
171 175
171 183
171 185
171 186
171 188
171 189
171 190
171 192
171 194
171 196
171 198
172 175
172 177
172 183
172 185
172 199
173 174
173 175
173 178
173 182
173 184
173 186
173 188
173 191
173 192
173 194
174 181
174 185
174 198
175 184
175 185
175 186
175 190
175 191
175 192
176 182
176 185
176 197
176 198
176 199
177 178
177 180
177 190
177 193
177 194
178 179
178 181
178 183
178 184
178 185
178 189
178 190
178 196
178 197
178 198
179 181
179 182
179 196
180 183
180 187
180 189
180 190
180 191
180 195
180 197
181 184
181 186
181 189
181 190
181 193
181 195
182 187
182 192
182 195
182 198
183 185
183 195
183 196
183 198
183 199
184 187
184 188
184 196
185 198
185 199
186 189
186 190
186 192
186 193
186 194
186 197
187 188
187 189
187 191
187 194
187 197
187 199
188 192
188 194
189 190
189 192
189 198
190 196
192 195
192 197
193 195
193 199
194 198
194 199
195 196
195 197
195 198
196 197
197 198