50
141
0 0.99
1 0.35
2 0.36
3 0.59
4 0.43
5 0.71
6 0.98
7 0.53
8 0.33
9 0.89
10 0.26
11 0.02
12 0.08
13 0.65
14 0.02
15 0.14
16 0.48
17 0.81
18 0.78
19 0.75
20 0.13
21 0.11
22 0.93
23 0.98
24 0.69
25 0.94
26 0.91
27 0.08
28 0.28
29 0.44
30 0.70
31 0.59
32 0.62
33 0.52
34 0.51
35 0.39
36 0.41
37 0.24
38 0.35
39 0.86
40 0.32
41 0.55
42 0.06
43 0.79
44 0.71
45 0.54
46 0.03
47 0.03
48 0.16
49 0.44
0 14
0 17
0 48
0 49
1 12
1 15
1 19
1 20
1 34
1 42
1 47
2 3
2 4
2 6
2 42
2 49
3 7
3 8
3 36
3 37
3 47
4 10
4 19
4 22
4 28
5 10
5 28
5 29
5 47
6 11
6 23
6 40
6 43
6 45
7 13
7 15
7 20
7 22
7 27
8 9
8 15
8 39
8 45
9 15
9 20
9 24
9 30
9 35
9 36
9 42
9 44
10 38
11 13
11 15
11 24
11 33
12 28
12 34
12 41
12 44
12 46
13 15
13 20
13 24
13 31
13 40
13 42
13 44
13 46
14 21
14 23
14 25
14 31
14 37
14 42
15 26
15 47
16 38
17 20
17 21
17 24
17 28
17 31
17 34
17 47
17 48
18 23
18 28
18 33
19 21
19 23
19 30
19 41
19 48
20 21
20 38
20 39
21 22
21 25
21 31
21 34
21 48
22 28
22 31
22 45
23 36
23 48
24 28
24 37
24 42
24 48
25 26
25 35
25 36
25 42
25 49
26 34
28 41
28 45
28 46
29 38
30 33
30 44
31 42
32 44
32 45
33 47
36 41
36 44
37 46
38 43
38 44
39 40
39 45
39 46
42 45
44 46
44 47
45 47
45 48
48 49