100
1496
0 0.62
1 0.41
2 0.71
3 0.10
4 0.63
5 0.20
6 0.17
7 0.99
8 0.27
9 0.87
10 0.52
11 0.21
12 0.03
13 0.17
14 0.66
15 0.56
16 0.79
17 0.89
18 0.39
19 0.31
20 0.68
21 0.37
22 0.37
23 0.12
24 0.73
25 0.78
26 0.60
27 0.67
28 0.09
29 0.75
30 0.98
31 0.52
32 0.08
33 0.80
34 0.63
35 0.87
36 0.08
37 0.86
38 0.27
39 0.74
40 0.23
41 0.22
42 0.34
43 0.32
44 0.94
45 0.74
46 0.17
47 0.42
48 0.05
49 0.15
50 0.52
51 0.31
52 0.71
53 0.72
54 0.66
55 0.04
56 0.44
57 0.29
58 0.88
59 0.68
60 0.84
61 0.08
62 0.86
63 0.37
64 0.88
65 0.33
66 0.88
67 0.42
68 0.82
69 0.22
70 0.41
71 0.05
72 0.96
73 0.29
74 0.02
75 0.06
76 0.73
77 0.77
78 0.68
79 0.69
80 0.06
81 0.23
82 0.20
83 0.02
84 0.97
85 0.22
86 0.36
87 0.83
88 0.51
89 0.41
90 0.48
91 0.52
92 0.35
93 0.27
94 0.61
95 0.38
96 0.99
97 0.48
98 0.23
99 0.51
0 1
0 4
0 5
0 6
0 8
0 10
0 11
0 13
0 14
0 17
0 19
0 21
0 26
0 27
0 28
0 29
0 30
0 31
0 36
0 38
0 40
0 41
0 42
0 47
0 49
0 50
0 52
0 54
0 65
0 69
0 72
0 87
0 88
0 90
0 92
0 93
0 95
0 99
1 2
1 4
1 14
1 16
1 25
1 27
1 28
1 33
1 41
1 43
1 47
1 50
1 51
1 52
1 53
1 60
1 61
1 63
1 67
1 75
1 78
1 79
1 87
1 88
1 93
1 95
1 98
2 5
2 7
2 10
2 13
2 20
2 21
2 23
2 25
2 27
2 30
2 33
2 34
2 37
2 38
2 39
2 40
2 41
2 42
2 44
2 45
2 50
2 57
2 60
2 61
2 63
2 66
2 67
2 70
2 73
2 75
2 77
2 78
2 82
2 83
2 89
2 92
2 94
2 95
2 96
2 97
2 98
3 5
3 6
3 8
3 9
3 12
3 13
3 16
3 18
3 21
3 25
3 30
3 49
3 58
3 59
3 60
3 61
3 62
3 63
3 66
3 72
3 73
3 78
3 80
3 83
3 87
3 91
3 99
4 5
4 7
4 10
4 13
4 19
4 27
4 36
4 37
4 39
4 43
4 47
4 48
4 50
4 54
4 57
4 62
4 63
4 66
4 75
4 77
4 79
4 81
4 86
4 87
4 94
4 96
4 97
5 10
5 11
5 14
5 18
5 20
5 21
5 30
5 32
5 33
5 34
5 35
5 38
5 44
5 45
5 49
5 57
5 66
5 68
5 70
5 73
5 80
5 81
5 86
5 87
5 95
6 12
6 15
6 19
6 24
6 30
6 40
6 42
6 45
6 51
6 54
6 55
6 56
6 58
6 61
6 64
6 65
6 66
6 67
6 68
6 73
6 74
6 78
6 79
6 81
6 85
6 86
6 88
6 92
6 93
6 94
7 17
7 18
7 20
7 23
7 24
7 26
7 29
7 33
7 34
7 35
7 38
7 48
7 50
7 54
7 55
7 56
7 58
7 67
7 70
7 71
7 75
7 76
7 77
7 80
7 86
7 87
7 92
7 94
7 96
7 98
8 11
8 13
8 17
8 25
8 26
8 27
8 29
8 31
8 34
8 36
8 42
8 45
8 46
8 49
8 53
8 55
8 64
8 66
8 69
8 77
8 81
8 83
8 84
8 90
8 96
9 12
9 13
9 14
9 15
9 16
9 18
9 21
9 23
9 26
9 37
9 39
9 51
9 59
9 68
9 69
9 71
9 75
9 80
9 82
9 85
9 86
9 89
9 90
9 95
10 17
10 18
10 23
10 26
10 27
10 28
10 34
10 35
10 39
10 40
10 42
10 43
10 44
10 46
10 49
10 51
10 54
10 64
10 66
10 69
10 70
10 71
10 77
10 80
10 81
10 85
10 89
10 91
10 96
10 97
11 14
11 15
11 16
11 17
11 19
11 20
11 21
11 22
11 26
11 28
11 39
11 44
11 52
11 55
11 57
11 58
11 65
11 66
11 67
11 68
11 69
11 72
11 74
11 75
11 76
11 77
11 83
11 84
11 88
11 91
11 93
11 97
11 98
12 14
12 22
12 23
12 41
12 42
12 43
12 46
12 49
12 52
12 53
12 56
12 57
12 61
12 63
12 64
12 66
12 68
12 69
12 72
12 74
12 79
12 85
12 87
12 93
12 96
12 98
12 99
13 14
13 15
13 16
13 17
13 18
13 19
13 32
13 33
13 34
13 35
13 37
13 40
13 41
13 49
13 54
13 59
13 61
13 66
13 67
13 70
13 77
13 84
13 94
13 96
13 97
14 16
14 19
14 20
14 24
14 29
14 30
14 41
14 42
14 43
14 44
14 45
14 48
14 56
14 63
14 69
14 70
14 73
14 78
14 79
14 83
14 86
14 87
14 88
14 90
14 95
14 96
14 99
15 18
15 24
15 25
15 29
15 30
15 35
15 38
15 40
15 43
15 46
15 55
15 60
15 62
15 71
15 74
15 76
15 78
15 82
15 83
15 86
15 92
15 93
15 94
15 97
15 98
15 99
16 17
16 18
16 26
16 30
16 31
16 33
16 35
16 42
16 45
16 47
16 48
16 51
16 53
16 54
16 55
16 58
16 69
16 74
16 75
16 80
16 82
16 85
16 95
17 23
17 24
17 26
17 33
17 37
17 42
17 43
17 50
17 51
17 54
17 55
17 58
17 62
17 64
17 70
17 73
17 76
17 77
17 80
17 82
17 83
17 85
17 87
17 89
18 20
18 24
18 26
18 27
18 29
18 30
18 35
18 36
18 38
18 42
18 43
18 46
18 49
18 50
18 51
18 54
18 57
18 60
18 64
18 65
18 66
18 71
18 76
18 85
18 90
18 92
18 95
18 97
18 98
18 99
19 23
19 25
19 32
19 37
19 39
19 43
19 44
19 45
19 59
19 60
19 61
19 65
19 66
19 67
19 69
19 70
19 72
19 73
19 77
19 78
19 89
19 96
19 98
20 25
20 30
20 31
20 33
20 35
20 37
20 38
20 40
20 45
20 46
20 52
20 53
20 59
20 60
20 62
20 63
20 67
20 69
20 83
20 86
20 87
21 22
21 26
21 28
21 30
21 32
21 37
21 38
21 45
21 48
21 49
21 53
21 54
21 60
21 61
21 63
21 64
21 71
21 77
21 78
21 79
21 83
21 85
21 88
21 90
21 95
21 96
21 99
22 28
22 30
22 31
22 32
22 33
22 34
22 35
22 48
22 53
22 54
22 55
22 57
22 62
22 64
22 67
22 68
22 75
22 82
22 83
22 87
22 88
22 91
23 25
23 31
23 32
23 33
23 36
23 37
23 39
23 40
23 41
23 42
23 45
23 49
23 50
23 55
23 61
23 68
23 74
23 76
23 80
23 81
23 83
23 84
23 89
23 93
23 98
24 37
24 39
24 44
24 52
24 53
24 61
24 63
24 65
24 72
24 73
24 75
24 77
24 79
24 97
25 26
25 28
25 30
25 31
25 34
25 39
25 44
25 49
25 53
25 55
25 68
25 72
25 75
25 77
25 78
25 83
25 84
25 86
25 88
25 89
25 95
26 30
26 35
26 37
26 40
26 43
26 49
26 60
26 61
26 62
26 64
26 65
26 68
26 70
26 79
26 80
26 81
26 85
26 88
26 89
26 90
26 91
26 92
26 94
27 31
27 32
27 37
27 44
27 48
27 51
27 52
27 54
27 60
27 66
27 68
27 76
27 80
27 85
27 89
27 92
27 95
27 96
27 98
28 30
28 31
28 37
28 38
28 42
28 47
28 48
28 51
28 58
28 61
28 62
28 64
28 67
28 81
28 82
28 83
28 85
28 88
28 91
28 96
29 31
29 33
29 35
29 37
29 40
29 45
29 51
29 53
29 55
29 62
29 65
29 69
29 73
29 79
29 93
30 33
30 36
30 50
30 51
30 53
30 54
30 60
30 68
30 73
30 77
30 80
30 81
30 82
30 85
30 89
30 94
30 98
31 35
31 37
31 40
31 43
31 45
31 47
31 54
31 55
31 56
31 62
31 63
31 64
31 70
31 71
31 75
31 77
31 81
31 84
31 87
31 88
31 89
31 90
31 91
31 96
32 35
32 37
32 40
32 46
32 47
32 53
32 56
32 67
32 68
32 69
32 70
32 76
32 82
32 84
32 86
32 99
33 36
33 41
33 44
33 48
33 50
33 53
33 54
33 59
33 60
33 62
33 63
33 66
33 95
34 38
34 42
34 44
34 54
34 61
34 63
34 66
34 67
34 70
34 75
34 80
34 81
34 82
34 84
34 86
34 92
35 38
35 50
35 51
35 52
35 58
35 61
35 68
35 71
35 72
35 73
35 75
35 77
35 78
35 79
35 82
35 83
35 84
35 88
35 89
35 91
35 92
35 93
35 94
35 95
35 96
35 98
36 37
36 39
36 40
36 41
36 46
36 47
36 51
36 53
36 54
36 58
36 62
36 67
36 75
36 84
36 85
36 86
36 87
36 94
37 42
37 48
37 51
37 55
37 58
37 59
37 60
37 63
37 64
37 66
37 69
37 70
37 83
37 97
38 40
38 42
38 45
38 48
38 49
38 51
38 56
38 57
38 64
38 66
38 67
38 70
38 78
38 84
38 92
38 94
38 99
39 43
39 50
39 54
39 57
39 63
39 66
39 67
39 69
39 70
39 73
39 78
39 89
39 91
39 97
40 45
40 46
40 47
40 50
40 53
40 56
40 64
40 68
40 69
40 73
40 80
40 90
40 91
40 94
40 96
40 99
41 43
41 50
41 60
41 62
41 68
41 73
41 74
41 79
41 84
41 85
41 92
41 94
41 97
41 99
42 51
42 54
42 56
42 57
42 59
42 61
42 62
42 63
42 67
42 71
42 74
42 78
42 84
42 86
42 89
42 91
42 93
42 95
42 96
42 97
43 45
43 49
43 51
43 52
43 56
43 61
43 62
43 66
43 68
43 73
43 78
43 79
43 81
43 85
43 88
43 92
43 93
43 96
43 99
44 46
44 47
44 48
44 49
44 51
44 54
44 57
44 61
44 62
44 63
44 69
44 72
44 75
44 76
44 78
44 83
44 88
44 90
44 93
44 98
44 99
45 49
45 50
45 52
45 55
45 67
45 70
45 71
45 74
45 81
45 86
45 87
45 90
45 91
45 93
45 95
45 97
46 50
46 51
46 56
46 57
46 58
46 60
46 61
46 63
46 69
46 73
46 76
46 77
46 80
46 81
46 82
46 85
46 87
46 90
46 91
46 93
46 95
46 96
46 98
47 52
47 55
47 59
47 63
47 67
47 70
47 73
47 74
47 75
47 80
47 85
47 87
47 88
47 91
47 94
47 97
47 99
48 50
48 52
48 54
48 55
48 57
48 63
48 66
48 70
48 74
48 77
48 78
48 80
48 84
48 86
48 88
48 91
48 94
48 98
49 51
49 52
49 53
49 55
49 56
49 60
49 63
49 66
49 67
49 69
49 71
49 75
49 77
49 78
49 89
49 90
49 96
50 53
50 56
50 57
50 63
50 64
50 66
50 76
50 77
50 78
50 81
50 91
50 93
50 96
50 98
51 60
51 62
51 64
51 66
51 72
51 73
51 75
51 78
51 86
51 90
51 92
51 99
52 53
52 54
52 65
52 68
52 69
52 71
52 72
52 77
52 79
52 82
52 84
52 85
52 89
52 91
52 93
52 96
53 54
53 55
53 61
53 63
53 65
53 71
53 72
53 73
53 77
53 79
53 86
53 89
53 91
53 92
53 93
53 95
53 97
53 98
53 99
54 58
54 64
54 66
54 73
54 75
54 76
54 77
54 78
54 81
54 84
54 86
54 89
54 90
54 92
54 94
54 96
54 99
55 58
55 62
55 63
55 64
55 65
55 69
55 84
55 86
55 92
55 93
55 95
56 57
56 59
56 67
56 69
56 70
56 74
56 77
56 81
56 84
56 86
56 89
56 91
56 93
56 94
56 95
56 96
56 97
56 99
57 58
57 60
57 63
57 66
57 68
57 69
57 77
57 82
57 83
57 87
57 91
57 92
57 94
57 98
58 71
58 77
58 78
58 80
58 85
58 99
59 61
59 63
59 65
59 78
59 92
59 93
59 96
59 97
59 98
59 99
60 62
60 66
60 67
60 72
60 74
60 82
60 85
60 94
60 97
61 75
61 78
61 79
61 83
61 85
61 88
61 89
61 92
61 93
61 98
61 99
62 65
62 66
62 67
62 68
62 71
62 75
62 76
62 79
62 84
62 92
62 93
62 97
63 66
63 70
63 71
63 72
63 75
63 81
63 84
63 85
63 91
63 92
63 95
63 96
63 97
64 68
64 74
64 78
64 80
64 81
64 83
64 84
64 85
64 97
65 66
65 78
65 83
65 86
65 88
65 90
65 94
65 96
65 99
66 68
66 69
66 70
66 72
66 74
66 77
66 81
66 83
66 85
66 93
66 99
67 71
67 72
67 84
67 91
67 93
67 95
67 96
68 72
68 78
68 87
68 88
68 90
68 91
68 94
68 95
68 96
68 98
69 71
69 74
69 79
69 81
69 83
69 87
69 89
69 93
69 94
69 96
69 97
69 98
69 99
70 78
70 79
70 80
70 84
70 86
70 91
70 92
70 93
70 94
70 95
70 97
71 72
71 73
71 74
71 76
71 79
71 81
71 85
71 90
71 92
71 93
71 96
71 97
72 74
72 77
72 78
72 80
72 82
72 84
72 87
72 88
72 93
72 96
72 98
73 74
73 76
73 81
73 88
73 90
73 96
73 99
74 75
74 77
74 80
74 81
74 84
74 86
74 90
74 93
75 78
75 79
75 89
75 95
75 99
76 77
76 83
76 86
76 96
76 97
76 98
77 79
77 85
77 97
77 99
78 82
78 83
78 84
78 91
78 92
78 98
78 99
79 82
79 84
79 85
79 88
79 91
79 92
79 93
79 95
79 98
79 99
80 88
80 92
80 95
80 97
80 98
81 82
81 84
81 86
81 91
81 99
82 84
82 85
82 87
82 88
82 89
82 91
82 95
82 96
83 85
83 89
83 91
83 92
83 97
84 85
84 86
84 91
85 86
85 89
85 91
85 94
85 96
85 97
85 99
86 91
86 94
86 95
86 98
87 88
87 89
88 89
88 96
89 91
89 93
91 97
91 99
92 95
93 94
93 95
94 99