100
2434
0 0.40
1 0.64
2 0.25
3 0.50
4 0.89
5 0.74
6 0.82
7 0.70
8 0.08
9 0.43
10 0.86
11 0.17
12 0.15
13 0.99
14 0.74
15 0.47
16 0.55
17 0.78
18 0.35
19 0.42
20 0.13
21 0.61
22 0.68
23 0.17
24 0.73
25 0.30
26 0.64
27 0.99
28 0.01
29 0.76
30 0.65
31 0.26
32 0.18
33 1.00
34 0.53
35 0.83
36 0.38
37 0.49
38 0.81
39 0.85
40 0.09
41 0.67
42 0.49
43 0.17
44 0.43
45 0.27
46 0.70
47 0.67
48 0.52
49 0.61
50 0.92
51 0.33
52 0.15
53 0.30
54 0.98
55 0.83
56 0.39
57 0.43
58 0.29
59 0.18
60 0.59
61 0.87
62 0.57
63 0.44
64 0.58
65 0.51
66 0.83
67 0.28
68 0.48
69 0.09
70 0.63
71 0.93
72 0.57
73 0.26
74 0.90
75 0.00
76 0.17
77 0.07
78 0.33
79 0.42
80 0.68
81 0.46
82 0.64
83 0.42
84 0.06
85 0.52
86 0.95
87 0.39
88 0.02
89 0.88
90 0.40
91 0.63
92 0.43
93 0.64
94 0.27
95 0.13
96 0.99
97 0.69
98 0.37
99 0.79
0 1
0 6
0 8
0 9
0 10
0 12
0 13
0 14
0 15
0 16
0 18
0 19
0 21
0 23
0 25
0 26
0 27
0 29
0 32
0 34
0 37
0 40
0 41
0 42
0 45
0 46
0 53
0 58
0 59
0 60
0 63
0 69
0 72
0 73
0 74
0 76
0 79
0 80
0 82
0 84
0 86
0 87
0 92
0 96
0 97
0 99
1 7
1 12
1 15
1 16
1 21
1 23
1 24
1 25
1 26
1 27
1 29
1 31
1 32
1 33
1 35
1 38
1 40
1 41
1 42
1 44
1 45
1 47
1 49
1 50
1 51
1 53
1 54
1 58
1 59
1 61
1 64
1 65
1 66
1 70
1 75
1 76
1 78
1 79
1 82
1 84
1 85
1 87
1 91
1 95
1 97
2 3
2 14
2 15
2 16
2 18
2 19
2 25
2 28
2 29
2 31
2 32
2 37
2 38
2 39
2 40
2 41
2 42
2 43
2 45
2 46
2 48
2 50
2 52
2 53
2 54
2 56
2 57
2 59
2 62
2 65
2 67
2 68
2 73
2 74
2 76
2 77
2 78
2 79
2 80
2 83
2 84
2 85
2 90
2 91
2 93
2 95
2 96
2 97
2 98
3 4
3 5
3 7
3 9
3 11
3 12
3 15
3 17
3 18
3 20
3 21
3 27
3 28
3 30
3 33
3 34
3 37
3 39
3 41
3 42
3 43
3 44
3 48
3 50
3 53
3 54
3 57
3 58
3 59
3 60
3 61
3 62
3 65
3 66
3 71
3 74
3 77
3 80
3 83
3 84
3 85
3 86
3 88
3 92
3 93
3 95
3 96
4 5
4 7
4 11
4 14
4 16
4 17
4 18
4 20
4 21
4 27
4 29
4 30
4 32
4 34
4 37
4 42
4 44
4 45
4 46
4 47
4 49
4 51
4 53
4 54
4 56
4 58
4 61
4 63
4 64
4 65
4 66
4 67
4 69
4 71
4 72
4 73
4 75
4 76
4 78
4 83
4 84
4 85
4 88
4 89
4 90
4 91
4 93
4 94
4 95
4 96
5 6
5 8
5 10
5 14
5 16
5 18
5 24
5 25
5 26
5 27
5 28
5 33
5 35
5 36
5 37
5 38
5 40
5 41
5 43
5 44
5 45
5 46
5 47
5 49
5 51
5 53
5 54
5 55
5 56
5 57
5 60
5 62
5 63
5 66
5 68
5 71
5 72
5 73
5 74
5 75
5 76
5 79
5 81
5 82
5 86
5 87
5 90
5 92
5 94
5 95
5 96
6 10
6 11
6 12
6 13
6 16
6 21
6 23
6 27
6 31
6 32
6 34
6 35
6 37
6 39
6 44
6 48
6 52
6 55
6 56
6 60
6 68
6 71
6 72
6 73
6 75
6 77
6 78
6 81
6 84
6 88
6 89
6 90
6 91
6 92
6 93
6 96
6 97
6 99
7 9
7 10
7 11
7 13
7 15
7 16
7 17
7 20
7 21
7 22
7 23
7 27
7 28
7 31
7 33
7 36
7 38
7 39
7 40
7 44
7 46
7 49
7 50
7 52
7 53
7 55
7 57
7 58
7 60
7 62
7 64
7 65
7 66
7 67
7 69
7 71
7 72
7 75
7 76
7 77
7 84
7 88
7 90
7 91
7 92
7 93
7 94
7 95
7 96
7 97
7 98
7 99
8 9
8 10
8 11
8 14
8 15
8 16
8 17
8 18
8 19
8 20
8 21
8 22
8 25
8 26
8 27
8 28
8 30
8 32
8 33
8 34
8 36
8 37
8 38
8 39
8 40
8 41
8 43
8 44
8 46
8 47
8 48
8 50
8 51
8 52
8 55
8 56
8 57
8 59
8 62
8 63
8 67
8 68
8 69
8 70
8 71
8 72
8 73
8 74
8 75
8 77
8 78
8 79
8 80
8 82
8 83
8 85
8 87
8 90
8 93
8 97
9 10
9 11
9 15
9 16
9 17
9 18
9 20
9 21
9 22
9 23
9 24
9 25
9 26
9 27
9 29
9 31
9 32
9 35
9 37
9 38
9 39
9 40
9 42
9 48
9 49
9 52
9 54
9 56
9 57
9 59
9 66
9 67
9 68
9 69
9 70
9 72
9 77
9 79
9 81
9 85
9 86
9 90
9 91
9 92
9 94
9 95
9 96
9 99
10 11
10 13
10 14
10 15
10 18
10 20
10 23
10 25
10 26
10 27
10 30
10 32
10 33
10 39
10 43
10 44
10 49
10 50
10 51
10 52
10 55
10 58
10 61
10 62
10 65
10 66
10 68
10 70
10 71
10 72
10 73
10 74
10 75
10 77
10 79
10 80
10 81
10 84
10 87
10 89
10 90
10 94
10 95
11 12
11 13
11 14
11 16
11 18
11 19
11 23
11 26
11 27
11 30
11 31
11 32
11 33
11 34
11 35
11 36
11 39
11 41
11 42
11 47
11 53
11 54
11 57
11 59
11 60
11 61
11 65
11 66
11 68
11 69
11 73
11 74
11 75
11 76
11 78
11 80
11 83
11 84
11 85
11 86
11 89
11 90
11 91
11 93
11 94
11 98
11 99
12 13
12 15
12 16
12 17
12 18
12 19
12 21
12 25
12 26
12 28
12 29
12 33
12 34
12 36
12 37
12 38
12 42
12 43
12 46
12 49
12 50
12 53
12 56
12 58
12 60
12 62
12 65
12 66
12 67
12 69
12 70
12 71
12 74
12 75
12 77
12 78
12 79
12 81
12 82
12 83
12 84
12 88
12 91
12 92
12 93
12 94
12 97
12 99
13 16
13 17
13 19
13 21
13 25
13 26
13 27
13 29
13 30
13 33
13 34
13 37
13 39
13 40
13 43
13 45
13 46
13 49
13 50
13 53
13 54
13 56
13 59
13 61
13 62
13 63
13 69
13 70
13 73
13 77
13 78
13 79
13 81
13 84
13 86
13 89
13 90
13 92
13 93
13 94
13 96
13 98
13 99
14 16
14 18
14 19
14 22
14 26
14 27
14 28
14 29
14 30
14 31
14 33
14 35
14 36
14 41
14 44
14 45
14 48
14 50
14 51
14 54
14 55
14 63
14 64
14 68
14 70
14 71
14 73
14 74
14 76
14 77
14 78
14 79
14 80
14 81
14 84
14 85
14 86
14 88
14 89
14 90
14 91
14 93
14 95
14 96
14 98
15 18
15 20
15 22
15 24
15 25
15 27
15 28
15 33
15 34
15 36
15 38
15 40
15 44
15 47
15 48
15 50
15 52
15 53
15 54
15 55
15 57
15 58
15 69
15 70
15 72
15 73
15 76
15 77
15 81
15 86
15 87
15 90
15 92
15 93
15 99
16 17
16 18
16 21
16 22
16 23
16 24
16 25
16 26
16 27
16 28
16 30
16 32
16 34
16 35
16 36
16 37
16 38
16 39
16 44
16 46
16 47
16 49
16 52
16 53
16 55
16 56
16 57
16 59
16 63
16 64
16 68
16 70
16 72
16 73
16 74
16 78
16 80
16 81
16 82
16 84
16 85
16 87
16 88
16 90
16 91
16 93
16 94
16 96
17 18
17 19
17 20
17 27
17 30
17 32
17 33
17 35
17 36
17 38
17 39
17 42
17 45
17 46
17 47
17 51
17 52
17 55
17 56
17 60
17 65
17 67
17 69
17 75
17 76
17 77
17 79
17 80
17 81
17 82
17 84
17 87
17 91
17 98
17 99
18 19
18 20
18 22
18 23
18 27
18 28
18 29
18 30
18 32
18 33
18 36
18 41
18 48
18 52
18 53
18 56
18 57
18 58
18 59
18 60
18 62
18 63
18 65
18 67
18 68
18 69
18 71
18 73
18 74
18 78
18 79
18 82
18 83
18 86
18 87
18 89
18 92
18 93
18 94
18 97
19 20
19 21
19 22
19 23
19 24
19 26
19 29
19 31
19 34
19 35
19 36
19 37
19 39
19 45
19 46
19 47
19 48
19 49
19 56
19 59
19 60
19 61
19 64
19 65
19 66
19 70
19 71
19 72
19 74
19 75
19 77
19 78
19 82
19 84
19 86
19 92
19 93
19 94
19 95
19 96
19 99
20 26
20 30
20 32
20 33
20 34
20 35
20 38
20 40
20 42
20 43
20 44
20 45
20 46
20 47
20 49
20 51
20 64
20 69
20 72
20 73
20 76
20 77
20 79
20 82
20 83
20 86
20 87
20 90
20 91
20 92
20 94
20 95
20 96
20 99
21 22
21 25
21 27
21 28
21 31
21 32
21 34
21 36
21 40
21 44
21 45
21 46
21 47
21 48
21 54
21 55
21 56
21 57
21 58
21 59
21 63
21 65
21 66
21 68
21 73
21 74
21 75
21 76
21 77
21 80
21 81
21 83
21 87
21 91
21 92
21 94
22 25
22 30
22 36
22 38
22 43
22 44
22 45
22 46
22 47
22 48
22 49
22 50
22 52
22 54
22 55
22 57
22 59
22 64
22 66
22 67
22 74
22 76
22 78
22 84
22 87
22 91
22 92
22 93
22 95
22 97
22 98
22 99
23 25
23 27
23 28
23 30
23 35
23 36
23 38
23 43
23 45
23 46
23 47
23 48
23 52
23 53
23 54
23 55
23 57
23 59
23 60
23 61
23 62
23 64
23 65
23 66
23 71
23 72
23 73
23 77
23 84
23 87
23 89
23 90
23 91
23 92
23 93
23 94
23 95
23 96
24 27
24 29
24 33
24 34
24 35
24 36
24 37
24 42
24 43
24 44
24 46
24 48
24 49
24 50
24 54
24 55
24 56
24 58
24 59
24 60
24 66
24 67
24 71
24 72
24 73
24 74
24 75
24 77
24 79
24 81
24 82
24 83
24 85
24 87
24 88
24 89
24 91
24 92
24 95
24 97
24 98
25 26
25 28
25 29
25 30
25 31
25 33
25 34
25 36
25 37
25 39
25 42
25 43
25 46
25 48
25 49
25 51
25 54
25 56
25 63
25 64
25 67
25 70
25 74
25 79
25 80
25 84
25 86
25 87
25 88
25 91
25 93
25 94
25 96
26 28
26 30
26 33
26 38
26 39
26 42
26 43
26 45
26 46
26 47
26 52
26 53
26 56
26 57
26 58
26 59
26 60
26 61
26 67
26 68
26 69
26 71
26 74
26 75
26 78
26 79
26 80
26 83
26 84
26 85
26 87
26 90
26 91
26 93
26 95
26 96
26 97
27 32
27 34
27 35
27 39
27 42
27 43
27 46
27 47
27 52
27 55
27 58
27 60
27 62
27 65
27 68
27 71
27 73
27 75
27 76
27 77
27 82
27 83
27 86
27 87
27 88
27 89
27 90
27 91
27 94
27 95
27 96
27 98
27 99
28 36
28 41
28 42
28 47
28 48
28 52
28 53
28 55
28 57
28 58
28 60
28 61
28 65
28 66
28 67
28 69
28 71
28 74
28 75
28 80
28 81
28 82
28 84
28 85
28 89
28 90
28 94
28 96
28 98
29 33
29 34
29 35
29 36
29 37
29 38
29 41
29 42
29 43
29 45
29 48
29 51
29 52
29 53
29 54
29 57
29 59
29 61
29 63
29 64
29 65
29 66
29 70
29 71
29 73
29 76
29 77
29 82
29 85
29 87
29 90
29 92
29 93
29 94
29 96
29 97
29 98
30 32
30 33
30 37
30 38
30 41
30 50
30 51
30 52
30 54
30 55
30 59
30 63
30 64
30 65
30 66
30 71
30 72
30 75
30 76
30 77
30 79
30 81
30 83
30 84
30 86
30 90
30 91
30 92
30 94
30 96
30 98
31 32
31 33
31 34
31 35
31 36
31 37
31 40
31 41
31 42
31 43
31 47
31 48
31 49
31 51
31 52
31 53
31 58
31 59
31 62
31 63
31 65
31 66
31 68
31 69
31 71
31 73
31 74
31 75
31 77
31 79
31 80
31 85
31 89
31 90
31 92
31 94
31 97
31 98
32 33
32 35
32 39
32 40
32 43
32 44
32 46
32 47
32 49
32 50
32 51
32 52
32 53
32 55
32 59
32 65
32 66
32 67
32 69
32 71
32 76
32 78
32 80
32 81
32 86
32 90
32 94
32 95
32 99
33 34
33 38
33 39
33 41
33 42
33 43
33 44
33 46
33 49
33 50
33 51
33 55
33 58
33 68
33 69
33 70
33 71
33 76
33 77
33 78
33 79
33 81
33 83
33 86
33 88
33 89
33 90
33 91
33 92
33 94
33 96
33 97
33 98
34 37
34 38
34 40
34 41
34 42
34 47
34 48
34 51
34 53
34 54
34 58
34 59
34 62
34 64
34 68
34 70
34 71
34 72
34 75
34 76
34 77
34 78
34 79
34 81
34 82
34 83
34 84
34 86
34 91
34 94
34 95
34 96
34 97
34 98
34 99
35 36
35 37
35 41
35 43
35 46
35 50
35 54
35 55
35 57
35 59
35 61
35 62
35 64
35 65
35 66
35 67
35 69
35 70
35 73
35 82
35 83
35 84
35 85
35 86
35 87
35 89
35 90
35 92
35 95
35 97
36 38
36 39
36 40
36 43
36 45
36 46
36 48
36 50
36 54
36 56
36 60
36 61
36 62
36 66
36 67
36 71
36 72
36 74
36 77
36 78
36 79
36 81
36 82
36 84
36 88
36 90
36 98
37 38
37 39
37 40
37 46
37 47
37 49
37 50
37 52
37 54
37 55
37 59
37 60
37 61
37 63
37 65
37 66
37 67
37 70
37 72
37 76
37 77
37 78
37 79
37 80
37 81
37 84
37 85
37 86
37 87
37 88
37 89
37 95
38 40
38 41
38 42
38 44
38 46
38 48
38 49
38 53
38 54
38 55
38 57
38 58
38 59
38 62
38 63
38 65
38 67
38 68
38 69
38 70
38 71
38 74
38 76
38 77
38 81
38 85
38 86
38 87
38 91
38 93
38 94
38 96
38 97
38 99
39 40
39 42
39 45
39 47
39 49
39 50
39 51
39 58
39 61
39 63
39 64
39 68
39 71
39 72
39 74
39 76
39 77
39 78
39 80
39 81
39 82
39 83
39 84
39 86
39 87
39 90
39 92
39 93
39 94
39 95
39 98
39 99
40 41
40 43
40 45
40 46
40 47
40 48
40 50
40 53
40 54
40 55
40 56
40 59
40 63
40 65
40 69
40 71
40 72
40 77
40 78
40 80
40 81
40 83
40 84
40 85
40 90
40 91
40 92
40 93
40 96
40 98
40 99
41 47
41 50
41 51
41 53
41 54
41 57
41 59
41 60
41 66
41 68
41 75
41 77
41 78
41 79
41 80
41 81
41 83
41 84
41 86
41 87
41 89
41 90
41 92
41 95
41 96
41 98
42 45
42 47
42 55
42 56
42 57
42 58
42 59
42 61
42 62
42 64
42 65
42 66
42 67
42 68
42 71
42 73
42 75
42 77
42 79
42 82
42 83
42 84
42 86
42 87
42 89
42 90
42 94
42 98
43 45
43 47
43 52
43 53
43 55
43 58
43 60
43 62
43 67
43 69
43 70
43 71
43 73
43 74
43 76
43 77
43 78
43 82
43 85
43 89
43 91
43 93
43 95
43 97
43 98
43 99
44 47
44 48
44 49
44 50
44 51
44 52
44 53
44 54
44 55
44 56
44 58
44 61
44 62
44 63
44 67
44 69
44 72
44 73
44 77
44 80
44 81
44 85
44 86
44 88
44 90
44 98
45 49
45 50
45 51
45 54
45 55
45 56
45 59
45 62
45 64
45 65
45 66
45 67
45 68
45 69
45 71
45 72
45 78
45 79
45 80
45 82
45 85
45 86
45 88
45 95
45 99
46 47
46 50
46 51
46 53
46 55
46 58
46 64
46 66
46 67
46 70
46 71
46 72
46 74
46 81
46 84
46 86
46 88
46 90
46 91
46 92
46 94
46 95
46 97
46 98
47 48
47 51
47 53
47 57
47 60
47 62
47 65
47 67
47 69
47 71
47 76
47 78
47 79
47 83
47 85
47 86
47 87
47 88
47 89
47 91
47 92
47 93
47 95
48 49
48 51
48 54
48 56
48 60
48 61
48 62
48 63
48 65
48 66
48 67
48 69
48 71
48 73
48 76
48 77
48 83
48 84
48 86
48 87
48 88
48 89
48 90
48 91
48 92
48 94
48 96
48 99
49 51
49 53
49 54
49 58
49 61
49 64
49 65
49 69
49 70
49 72
49 75
49 77
49 78
49 79
49 80
49 82
49 83
49 84
49 85
49 86
49 88
49 90
49 94
49 99
50 51
50 53
50 54
50 55
50 57
50 58
50 61
50 66
50 68
50 69
50 70
50 73
50 76
50 77
50 78
50 79
50 80
50 83
50 88
50 89
50 90
50 93
50 94
50 95
50 96
50 98
51 56
51 60
51 61
51 63
51 64
51 65
51 66
51 67
51 68
51 70
51 74
51 75
51 76
51 77
51 81
51 82
51 83
51 84
51 87
51 88
51 92
51 94
51 95
51 97
51 98
52 53
52 54
52 55
52 56
52 57
52 58
52 59
52 62
52 64
52 65
52 66
52 67
52 71
52 72
52 73
52 75
52 76
52 78
52 79
52 80
52 81
52 83
52 86
52 87
52 88
52 89
52 91
52 93
52 94
52 96
52 97
52 98
53 54
53 59
53 60
53 61
53 62
53 65
53 70
53 74
53 75
53 76
53 77
53 90
53 91
53 93
53 94
53 95
53 96
53 97
53 98
53 99
54 55
54 60
54 61
54 62
54 64
54 65
54 69
54 73
54 75
54 76
54 78
54 79
54 81
54 82
54 84
54 89
54 90
54 95
54 99
55 56
55 59
55 60
55 62
55 65
55 68
55 69
55 70
55 74
55 75
55 76
55 78
55 79
55 82
55 84
55 87
55 89
55 90
55 92
55 94
55 97
55 99
56 57
56 58
56 59
56 61
56 62
56 63
56 69
56 71
56 72
56 73
56 74
56 77
56 80
56 81
56 82
56 89
56 90
56 92
56 95
56 96
56 98
57 58
57 59
57 61
57 63
57 64
57 66
57 69
57 70
57 72
57 73
57 77
57 80
57 82
57 83
57 84
57 85
57 86
57 88
57 89
57 92
57 93
57 95
57 96
57 98
58 69
58 74
58 75
58 76
58 78
58 79
58 81
58 84
58 86
58 87
58 90
58 93
58 95
58 98
58 99
59 60
59 61
59 62
59 63
59 64
59 66
59 68
59 69
59 70
59 71
59 74
59 77
59 78
59 83
59 84
59 86
59 91
59 93
59 95
59 97
60 61
60 64
60 65
60 68
60 69
60 70
60 72
60 73
60 74
60 77
60 80
60 82
60 84
60 86
60 87
60 93
60 94
60 96
60 97
60 98
61 62
61 63
61 64
61 67
61 69
61 70
61 71
61 77
61 78
61 80
61 84
61 85
61 91
61 94
61 96
61 98
61 99
62 66
62 68
62 70
62 74
62 75
62 79
62 80
62 81
62 82
62 84
62 87
62 89
62 92
62 93
62 94
62 95
62 98
62 99
63 64
63 65
63 68
63 69
63 70
63 71
63 73
63 75
63 77
63 79
63 81
63 87
63 91
63 92
63 97
64 67
64 68
64 71
64 75
64 79
64 87
64 90
64 93
64 95
64 96
64 97
64 99
65 66
65 69
65 71
65 72
65 74
65 75
65 76
65 79
65 80
65 81
65 82
65 83
65 86
65 88
65 89
65 90
65 94
65 98
65 99
66 67
66 68
66 69
66 72
66 77
66 78
66 79
66 80
66 81
66 82
66 83
66 84
66 85
66 86
66 88
66 90
66 91
66 97
67 68
67 72
67 74
67 78
67 84
67 85
67 87
67 89
67 91
67 92
67 94
67 97
67 99
68 70
68 73
68 74
68 76
68 77
68 78
68 82
68 85
68 88
68 89
68 93
68 97
68 98
69 71
69 73
69 74
69 76
69 80
69 82
69 83
69 84
69 85
69 86
69 90
69 91
69 93
69 95
69 96
69 97
69 98
69 99
70 71
70 72
70 73
70 74
70 76
70 77
70 79
70 81
70 82
70 84
70 85
70 87
70 90
70 91
70 92
70 94
70 96
70 98
70 99
71 72
71 73
71 76
71 78
71 79
71 81
71 92
71 96
71 99
72 75
72 76
72 79
72 82
72 85
72 86
72 89
72 90
72 91
72 92
72 94
72 99
73 76
73 79
73 82
73 83
73 97
73 98
74 75
74 76
74 77
74 78
74 80
74 83
74 85
74 87
74 94
74 96
74 97
74 98
75 77
75 78
75 80
75 81
75 84
75 85
75 86
75 87
75 92
75 93
75 94
75 96
75 97
75 98
76 77
76 78
76 80
76 81
76 86
76 87
76 88
76 90
76 92
76 95
76 96
76 97
76 99
77 78
77 80
77 82
77 84
77 85
77 87
77 89
77 91
77 94
77 96
77 99
78 80
78 81
78 83
78 87
78 91
78 92
78 93
78 95
78 98
78 99
79 80
79 81
79 83
79 84
79 85
79 86
79 89
79 91
79 92
79 93
79 95
79 97
80 81
80 82
80 84
80 85
80 87
80 92
80 94
80 97
80 98
81 82
81 83
81 84
81 85
81 87
81 90
81 91
81 92
81 94
82 84
82 86
82 88
82 91
82 93
82 95
83 84
83 88
83 91
83 92
83 93
83 94
83 95
83 97
83 98
84 89
84 92
84 93
84 95
84 98
85 87
85 88
85 89
85 91
85 93
85 95
85 97
85 98
85 99
86 91
86 93
86 96
87 89
87 92
87 93
87 97
87 98
87 99
88 91
88 95
88 97
88 98
88 99
89 90
89 93
89 94
89 95
89 96
89 98
90 96
90 98
91 92
91 94
91 96
92 94
92 95
92 96
92 97
92 98
93 96
93 99
94 95
94 96
94 97
94 98
95 96
95 99
97 99