200
9951
0 0.88
1 0.66
2 0.31
3 0.06
4 0.54
5 0.90
6 0.80
7 0.46
8 0.34
9 0.25
10 0.42
11 0.72
12 0.63
13 0.54
14 0.51
15 0.49
16 0.29
17 0.30
18 0.11
19 0.60
20 0.16
21 0.07
22 0.61
23 0.30
24 0.01
25 0.35
26 0.56
27 0.66
28 0.38
29 0.38
30 0.99
31 0.90
32 0.80
33 0.58
34 0.24
35 0.43
36 0.06
37 0.49
38 0.21
39 0.37
40 0.19
41 0.43
42 0.12
43 0.49
44 0.19
45 0.45
46 0.95
47 0.49
48 0.72
49 0.88
50 0.68
51 0.90
52 0.52
53 1.00
54 0.83
55 0.36
56 0.81
57 0.65
58 0.38
59 0.68
60 0.01
61 0.63
62 0.31
63 0.01
64 0.18
65 0.06
66 0.12
67 0.96
68 0.20
69 0.93
70 0.67
71 0.19
72 0.01
73 0.93
74 0.62
75 0.44
76 0.98
77 0.61
78 0.50
79 0.03
80 0.34
81 0.35
82 0.11
83 0.40
84 0.76
85 0.23
86 0.28
87 0.05
88 0.61
89 0.89
90 0.60
91 0.25
92 0.50
93 0.66
94 0.42
95 0.63
96 0.02
97 0.55
98 0.55
99 0.46
100 0.49
101 0.40
102 0.58
103 0.99
104 0.36
105 0.69
106 0.67
107 0.25
108 0.50
109 0.64
110 0.15
111 0.10
112 0.16
113 1.00
114 0.92
115 0.42
116 0.51
117 0.64
118 0.74
119 0.54
120 0.21
121 0.29
122 0.98
123 0.03
124 0.10
125 0.72
126 0.80
127 0.70
128 0.74
129 0.63
130 0.96
131 0.82
132 0.54
133 0.51
134 0.35
135 0.55
136 0.80
137 0.89
138 0.16
139 0.75
140 0.13
141 0.65
142 0.76
143 0.36
144 0.46
145 0.52
146 0.20
147 0.72
148 0.47
149 0.85
150 0.80
151 0.06
152 0.48
153 0.24
154 0.31
155 0.62
156 0.69
157 0.79
158 0.84
159 0.93
160 0.90
161 0.66
162 0.29
163 0.17
164 0.66
165 0.39
166 0.94
167 0.81
168 0.32
169 0.18
170 0.60
171 0.15
172 0.56
173 0.22
174 0.28
175 0.88
176 0.82
177 0.69
178 0.94
179 0.14
180 0.58
181 0.46
182 0.85
183 0.91
184 0.98
185 0.82
186 0.01
187 0.45
188 0.89
189 0.35
190 0.06
191 0.51
192 0.71
193 0.34
194 0.78
195 0.28
196 0.31
197 0.08
198 0.24
199 0.01
0 2
0 3
0 5
0 6
0 7
0 8
0 11
0 12
0 13
0 14
0 17
0 18
0 19
0 20
0 22
0 25
0 29
0 31
0 34
0 35
0 36
0 37
0 38
0 40
0 46
0 48
0 49
0 52
0 58
0 59
0 60
0 61
0 62
0 63
0 66
0 67
0 69
0 71
0 72
0 75
0 78
0 82
0 84
0 85
0 86
0 87
0 89
0 90
0 91
0 92
0 93
0 95
0 96
0 97
0 98
0 99
0 100
0 102
0 103
0 104
0 107
0 109
0 112
0 113
0 114
0 115
0 119
0 120
0 123
0 125
0 126
0 128
0 130
0 131
0 132
0 134
0 135
0 136
0 139
0 143
0 144
0 145
0 147
0 149
0 150
0 151
0 153
0 156
0 157
0 159
0 162
0 165
0 168
0 171
0 172
0 176
0 178
0 179
0 180
0 182
0 185
0 190
0 191
0 192
0 196
0 197
0 198
1 8
1 10
1 11
1 13
1 18
1 19
1 20
1 22
1 24
1 26
1 28
1 29
1 34
1 35
1 36
1 41
1 47
1 53
1 54
1 55
1 59
1 60
1 62
1 64
1 66
1 67
1 68
1 70
1 71
1 72
1 76
1 77
1 81
1 82
1 84
1 85
1 86
1 88
1 90
1 91
1 96
1 97
1 100
1 103
1 104
1 106
1 110
1 111
1 112
1 116
1 117
1 123
1 125
1 126
1 127
1 128
1 129
1 132
1 133
1 137
1 142
1 143
1 144
1 145
1 148
1 153
1 154
1 157
1 159
1 160
1 163
1 164
1 167
1 168
1 169
1 170
1 171
1 172
1 175
1 176
1 179
1 185
1 186
1 187
1 190
1 191
1 192
1 193
1 194
1 195
1 196
1 197
1 198
1 199
2 3
2 5
2 6
2 7
2 8
2 11
2 14
2 17
2 20
2 21
2 22
2 30
2 31
2 33
2 34
2 35
2 40
2 45
2 46
2 48
2 50
2 52
2 54
2 55
2 56
2 61
2 62
2 64
2 67
2 68
2 70
2 74
2 75
2 79
2 80
2 82
2 83
2 87
2 89
2 90
2 91
2 92
2 94
2 96
2 98
2 100
2 101
2 103
2 108
2 110
2 112
2 113
2 115
2 116
2 117
2 119
2 120
2 121
2 123
2 126
2 130
2 132
2 134
2 135
2 139
2 140
2 142
2 143
2 144
2 145
2 148
2 149
2 151
2 152
2 157
2 158
2 161
2 162
2 165
2 166
2 168
2 169
2 170
2 174
2 175
2 176
2 178
2 180
2 181
2 184
2 185
2 189
2 190
2 191
2 192
2 194
2 196
2 198
2 199
3 4
3 6
3 7
3 8
3 9
3 12
3 14
3 15
3 16
3 17
3 18
3 19
3 20
3 23
3 25
3 28
3 29
3 30
3 34
3 35
3 36
3 38
3 39
3 41
3 44
3 48
3 50
3 51
3 52
3 53
3 54
3 56
3 57
3 58
3 59
3 62
3 63
3 65
3 70
3 72
3 73
3 77
3 83
3 85
3 91
3 92
3 93
3 98
3 101
3 102
3 104
3 107
3 110
3 115
3 118
3 119
3 121
3 123
3 128
3 132
3 135
3 136
3 137
3 138
3 139
3 149
3 150
3 151
3 154
3 157
3 159
3 160
3 163
3 165
3 166
3 167
3 169
3 170
3 171
3 173
3 175
3 176
3 178
3 180
3 182
3 183
3 184
3 188
3 190
3 191
3 193
3 195
3 198
4 5
4 8
4 9
4 11
4 12
4 15
4 16
4 19
4 20
4 21
4 24
4 26
4 28
4 30
4 34
4 35
4 37
4 42
4 44
4 46
4 50
4 51
4 55
4 57
4 59
4 60
4 61
4 62
4 63
4 66
4 71
4 72
4 73
4 74
4 75
4 80
4 81
4 82
4 85
4 86
4 87
4 91
4 92
4 93
4 94
4 96
4 98
4 99
4 103
4 104
4 105
4 106
4 107
4 108
4 109
4 110
4 116
4 119
4 120
4 122
4 123
4 124
4 125
4 127
4 128
4 129
4 133
4 134
4 138
4 139
4 142
4 143
4 146
4 147
4 150
4 151
4 152
4 154
4 156
4 160
4 161
4 162
4 165
4 166
4 174
4 177
4 179
4 181
4 183
4 186
4 187
4 188
4 190
4 192
4 193
4 197
4 198
4 199
5 7
5 8
5 9
5 10
5 11
5 12
5 13
5 17
5 18
5 20
5 23
5 25
5 27
5 29
5 31
5 33
5 35
5 36
5 45
5 47
5 49
5 54
5 55
5 56
5 58
5 59
5 60
5 62
5 65
5 67
5 68
5 70
5 71
5 72
5 77
5 79
5 80
5 82
5 84
5 86
5 90
5 92
5 93
5 94
5 96
5 97
5 98
5 100
5 101
5 104
5 106
5 107
5 109
5 110
5 112
5 118
5 119
5 120
5 121
5 124
5 128
5 129
5 131
5 132
5 133
5 134
5 135
5 139
5 143
5 144
5 145
5 146
5 155
5 156
5 157
5 159
5 161
5 164
5 170
5 171
5 172
5 174
5 175
5 176
5 177
5 184
5 185
5 186
5 187
5 189
5 190
5 192
5 198
6 7
6 12
6 16
6 18
6 19
6 22
6 23
6 25
6 26
6 27
6 29
6 30
6 33
6 34
6 39
6 44
6 45
6 47
6 50
6 51
6 55
6 56
6 60
6 64
6 69
6 70
6 71
6 72
6 76
6 77
6 78
6 80
6 81
6 82
6 83
6 84
6 88
6 91
6 94
6 95
6 98
6 99
6 100
6 101
6 102
6 104
6 109
6 113
6 114
6 115
6 117
6 121
6 123
6 124
6 127
6 129
6 132
6 133
6 134
6 135
6 136
6 137
6 138
6 139
6 142
6 149
6 153
6 154
6 156
6 157
6 158
6 160
6 162
6 165
6 166
6 167
6 168
6 169
6 171
6 172
6 173
6 180
6 181
6 188
6 189
6 190
6 192
6 194
6 195
6 196
6 197
6 198
7 8
7 10
7 13
7 14
7 17
7 18
7 21
7 22
7 26
7 27
7 28
7 29
7 30
7 32
7 33
7 34
7 36
7 37
7 42
7 45
7 46
7 48
7 49
7 50
7 51
7 52
7 53
7 54
7 57
7 58
7 60
7 61
7 62
7 64
7 65
7 66
7 67
7 68
7 71
7 73
7 79
7 81
7 82
7 85
7 87
7 88
7 90
7 92
7 96
7 97
7 99
7 100
7 101
7 103
7 104
7 106
7 107
7 108
7 111
7 112
7 115
7 116
7 117
7 120
7 126
7 131
7 134
7 136
7 137
7 138
7 140
7 141
7 142
7 143
7 144
7 146
7 149
7 150
7 151
7 155
7 156
7 158
7 159
7 160
7 161
7 163
7 165
7 166
7 171
7 173
7 178
7 179
7 180
7 181
7 182
7 186
7 188
7 192
7 195
7 198
7 199
8 11
8 12
8 13
8 14
8 17
8 19
8 20
8 25
8 26
8 27
8 28
8 29
8 30
8 35
8 36
8 37
8 40
8 42
8 45
8 49
8 52
8 56
8 57
8 60
8 67
8 72
8 74
8 78
8 79
8 82
8 84
8 86
8 88
8 90
8 96
8 98
8 99
8 100
8 103
8 104
8 106
8 110
8 111
8 117
8 120
8 124
8 126
8 129
8 131
8 133
8 136
8 138
8 139
8 141
8 144
8 146
8 147
8 149
8 150
8 151
8 154
8 157
8 163
8 166
8 167
8 168
8 169
8 170
8 171
8 172
8 173
8 174
8 175
8 176
8 177
8 178
8 181
8 183
8 186
8 188
8 189
8 191
8 194
8 195
8 198
9 10
9 11
9 13
9 14
9 15
9 17
9 19
9 23
9 24
9 25
9 26
9 27
9 28
9 29
9 30
9 31
9 32
9 33
9 34
9 35
9 38
9 40
9 41
9 42
9 45
9 46
9 49
9 55
9 56
9 59
9 61
9 62
9 63
9 65
9 67
9 69
9 70
9 72
9 74
9 77
9 79
9 80
9 81
9 82
9 84
9 85
9 91
9 92
9 93
9 95
9 100
9 101
9 103
9 104
9 105
9 106
9 107
9 108
9 110
9 118
9 120
9 124
9 125
9 127
9 128
9 130
9 131
9 134
9 135
9 137
9 138
9 141
9 142
9 144
9 145
9 146
9 148
9 149
9 150
9 151
9 153
9 154
9 157
9 160
9 161
9 162
9 164
9 165
9 168
9 169
9 172
9 174
9 176
9 177
9 179
9 180
9 181
9 185
9 187
9 188
9 190
9 196
9 197
9 198
9 199
10 11
10 12
10 13
10 14
10 15
10 16
10 18
10 22
10 24
10 25
10 28
10 30
10 31
10 32
10 34
10 35
10 38
10 44
10 45
10 46
10 56
10 59
10 61
10 62
10 63
10 64
10 65
10 68
10 71
10 75
10 78
10 80
10 81
10 83
10 84
10 88
10 90
10 91
10 93
10 96
10 97
10 98
10 99
10 106
10 107
10 111
10 115
10 117
10 120
10 121
10 125
10 126
10 130
10 131
10 132
10 134
10 135
10 138
10 141
10 142
10 143
10 145
10 155
10 157
10 160
10 161
10 163
10 164
10 167
10 168
10 169
10 170
10 171
10 178
10 179
10 180
10 181
10 183
10 184
10 187
10 188
10 193
10 194
10 195
10 197
10 199
11 12
11 13
11 14
11 15
11 18
11 19
11 20
11 21
11 23
11 25
11 27
11 29
11 30
11 31
11 32
11 33
11 34
11 35
11 43
11 44
11 46
11 47
11 48
11 51
11 52
11 55
11 60
11 63
11 64
11 65
11 66
11 67
11 68
11 69
11 70
11 72
11 73
11 75
11 77
11 80
11 83
11 85
11 86
11 87
11 89
11 90
11 95
11 97
11 98
11 100
11 101
11 105
11 106
11 107
11 109
11 110
11 112
11 114
11 115
11 117
11 118
11 119
11 120
11 121
11 124
11 126
11 130
11 133
11 136
11 138
11 140
11 142
11 143
11 146
11 147
11 151
11 153
11 154
11 158
11 160
11 162
11 163
11 165
11 166
11 167
11 169
11 171
11 175
11 176
11 178
11 180
11 181
11 183
11 184
11 186
11 187
11 189
11 190
11 195
11 196
11 197
11 198
12 15
12 19
12 20
12 22
12 23
12 24
12 25
12 26
12 27
12 30
12 32
12 33
12 34
12 35
12 36
12 37
12 38
12 40
12 42
12 44
12 46
12 49
12 50
12 51
12 53
12 56
12 57
12 58
12 59
12 62
12 65
12 67
12 69
12 70
12 75
12 76
12 79
12 80
12 81
12 84
12 85
12 86
12 87
12 88
12 91
12 94
12 98
12 99
12 102
12 103
12 105
12 106
12 109
12 113
12 114
12 117
12 118
12 120
12 124
12 125
12 126
12 128
12 129
12 130
12 132
12 137
12 139
12 142
12 146
12 152
12 153
12 156
12 157
12 160
12 161
12 162
12 163
12 164
12 165
12 168
12 169
12 170
12 172
12 176
12 178
12 179
12 180
12 184
12 188
12 191
12 192
12 194
12 195
12 196
12 197
12 199
13 15
13 18
13 19
13 23
13 27
13 28
13 29
13 31
13 32
13 33
13 34
13 35
13 38
13 39
13 41
13 42
13 43
13 44
13 46
13 53
13 54
13 56
13 58
13 59
13 60
13 61
13 64
13 65
13 69
13 70
13 71
13 74
13 78
13 83
13 85
13 89
13 90
13 91
13 92
13 93
13 94
13 99
13 102
13 105
13 107
13 108
13 112
13 113
13 116
13 119
13 121
13 122
13 124
13 125
13 129
13 132
13 138
13 140
13 142
13 145
13 146
13 147
13 148
13 150
13 151
13 154
13 155
13 156
13 157
13 158
13 161
13 162
13 164
13 168
13 169
13 172
13 173
13 174
13 175
13 180
13 181
13 184
13 185
13 188
13 189
13 190
13 191
13 193
13 194
13 195
13 197
13 198
14 17
14 18
14 21
14 22
14 24
14 25
14 26
14 28
14 30
14 31
14 32
14 33
14 35
14 36
14 37
14 38
14 41
14 43
14 44
14 45
14 46
14 47
14 48
14 51
14 52
14 53
14 55
14 56
14 58
14 60
14 62
14 64
14 65
14 69
14 71
14 72
14 74
14 75
14 78
14 79
14 82
14 83
14 85
14 86
14 89
14 91
14 92
14 94
14 96
14 98
14 100
14 103
14 105
14 106
14 108
14 112
14 115
14 117
14 118
14 119
14 121
14 122
14 124
14 126
14 127
14 128
14 130
14 131
14 134
14 136
14 137
14 141
14 143
14 144
14 145
14 146
14 148
14 149
14 152
14 154
14 155
14 156
14 157
14 158
14 160
14 162
14 163
14 165
14 166
14 167
14 168
14 171
14 175
14 178
14 179
14 181
14 185
14 186
14 187
14 189
14 194
14 195
14 196
14 197
15 17
15 18
15 19
15 21
15 22
15 23
15 25
15 26
15 27
15 32
15 35
15 37
15 39
15 44
15 51
15 52
15 53
15 56
15 58
15 59
15 60
15 61
15 64
15 65
15 67
15 70
15 71
15 72
15 76
15 77
15 78
15 79
15 80
15 81
15 82
15 83
15 85
15 86
15 88
15 90
15 91
15 93
15 96
15 97
15 98
15 101
15 102
15 103
15 104
15 107
15 108
15 109
15 110
15 111
15 113
15 114
15 115
15 116
15 117
15 118
15 124
15 125
15 128
15 129
15 130
15 133
15 134
15 136
15 138
15 139
15 140
15 145
15 146
15 147
15 148
15 151
15 152
15 153
15 154
15 155
15 157
15 161
15 163
15 164
15 165
15 177
15 178
15 181
15 182
15 183
15 185
15 186
15 187
15 194
15 195
15 197
16 17
16 18
16 19
16 20
16 27
16 28
16 29
16 35
16 42
16 45
16 47
16 48
16 49
16 50
16 51
16 52
16 54
16 55
16 61
16 62
16 63
16 65
16 66
16 67
16 70
16 71
16 72
16 74
16 76
16 81
16 83
16 84
16 86
16 88
16 89
16 91
16 92
16 96
16 97
16 98
16 101
16 102
16 109
16 112
16 114
16 118
16 119
16 123
16 126
16 127
16 129
16 130
16 138
16 140
16 141
16 142
16 143
16 144
16 146
16 148
16 150
16 154
16 155
16 157
16 158
16 159
16 160
16 162
16 164
16 165
16 166
16 167
16 168
16 169
16 171
16 172
16 175
16 176
16 177
16 178
16 179
16 183
16 184
16 185
16 186
16 187
16 188
16 191
16 192
16 193
16 195
16 198
17 18
17 20
17 23
17 24
17 26
17 27
17 30
17 31
17 34
17 36
17 38
17 39
17 42
17 43
17 44
17 46
17 47
17 48
17 49
17 51
17 54
17 58
17 62
17 64
17 65
17 67
17 69
17 70
17 72
17 73
17 74
17 79
17 80
17 81
17 83
17 87
17 88
17 89
17 91
17 94
17 95
17 96
17 97
17 98
17 99
17 100
17 103
17 105
17 107
17 108
17 109
17 111
17 113
17 115
17 116
17 118
17 119
17 121
17 128
17 134
17 135
17 137
17 139
17 142
17 143
17 146
17 148
17 149
17 152
17 153
17 155
17 157
17 158
17 159
17 160
17 163
17 167
17 168
17 170
17 171
17 172
17 173
17 175
17 178
17 179
17 180
17 181
17 182
17 187
17 188
17 190
17 192
17 195
17 197
18 20
18 24
18 25
18 26
18 28
18 29
18 30
18 31
18 32
18 34
18 37
18 38
18 39
18 45
18 46
18 48
18 50
18 51
18 55
18 58
18 63
18 65
18 66
18 67
18 70
18 74
18 76
18 78
18 79
18 80
18 81
18 83
18 84
18 85
18 86
18 89
18 92
18 93
18 94
18 96
18 98
18 100
18 101
18 104
18 105
18 106
18 110
18 111
18 112
18 114
18 117
18 120
18 124
18 126
18 135
18 136
18 138
18 139
18 141
18 142
18 143
18 146
18 147
18 154
18 156
18 157
18 158
18 159
18 160
18 161
18 162
18 163
18 166
18 167
18 168
18 169
18 171
18 172
18 175
18 177
18 179
18 182
18 185
18 188
18 190
18 195
18 196
18 198
18 199
19 21
19 25
19 26
19 27
19 28
19 31
19 33
19 35
19 37
19 42
19 43
19 44
19 49
19 51
19 53
19 55
19 58
19 59
19 60
19 61
19 62
19 66
19 72
19 73
19 75
19 77
19 78
19 79
19 82
19 83
19 84
19 85
19 89
19 90
19 91
19 96
19 97
19 98
19 99
19 101
19 102
19 103
19 104
19 105
19 106
19 108
19 109
19 110
19 111
19 112
19 116
19 118
19 119
19 121
19 123
19 127
19 130
19 131
19 132
19 133
19 134
19 135
19 138
19 139
19 142
19 144
19 145
19 147
19 149
19 150
19 159
19 162
19 163
19 165
19 168
19 169
19 173
19 174
19 175
19 176
19 177
19 180
19 181
19 182
19 184
19 185
19 187
19 196
19 197
20 22
20 24
20 26
20 31
20 33
20 40
20 42
20 43
20 45
20 47
20 49
20 50
20 51
20 52
20 53
20 54
20 55
20 56
20 57
20 58
20 59
20 60
20 61
20 63
20 64
20 66
20 68
20 70
20 71
20 78
20 81
20 84
20 86
20 89
20 90
20 91
20 92
20 94
20 98
20 100
20 102
20 103
20 104
20 105
20 106
20 108
20 110
20 111
20 112
20 113
20 114
20 115
20 117
20 118
20 119
20 121
20 123
20 124
20 125
20 127
20 128
20 129
20 130
20 131
20 135
20 136
20 139
20 140
20 141
20 142
20 143
20 146
20 147
20 151
20 152
20 153
20 154
20 156
20 158
20 163
20 164
20 166
20 167
20 168
20 172
20 175
20 176
20 177
20 178
20 179
20 180
20 186
20 187
20 188
20 189
20 190
20 194
20 195
20 196
20 198
20 199
21 23
21 25
21 27
21 28
21 37
21 39
21 40
21 43
21 44
21 46
21 48
21 51
21 54
21 55
21 56
21 58
21 59
21 60
21 62
21 64
21 65
21 66
21 67
21 68
21 69
21 70
21 74
21 75
21 78
21 79
21 80
21 83
21 85
21 86
21 88
21 89
21 91
21 92
21 93
21 94
21 95
21 96
21 97
21 105
21 106
21 108
21 110
21 114
21 115
21 116
21 118
21 122
21 124
21 127
21 128
21 129
21 131
21 132
21 133
21 134
21 137
21 143
21 145
21 148
21 154
21 155
21 157
21 158
21 159
21 162
21 163
21 165
21 170
21 176
21 177
21 178
21 181
21 183
21 184
21 185
21 192
21 193
21 194
21 195
21 198
21 199
22 23
22 26
22 28
22 32
22 33
22 35
22 36
22 37
22 38
22 44
22 46
22 47
22 48
22 49
22 50
22 52
22 54
22 55
22 56
22 62
22 63
22 64
22 66
22 67
22 70
22 73
22 80
22 84
22 86
22 87
22 92
22 93
22 94
22 95
22 100
22 109
22 113
22 115
22 116
22 117
22 119
22 121
22 122
22 126
22 127
22 128
22 130
22 131
22 136
22 138
22 139
22 140
22 142
22 144
22 149
22 152
22 153
22 156
22 157
22 158
22 159
22 160
22 161
22 162
22 163
22 164
22 165
22 166
22 168
22 170
22 171
22 172
22 175
22 179
22 181
22 182
22 183
22 184
22 185
22 187
22 191
22 193
22 197
22 198
22 199
23 25
23 27
23 30
23 31
23 34
23 36
23 37
23 40
23 41
23 42
23 43
23 50
23 51
23 54
23 55
23 57
23 58
23 60
23 62
23 63
23 67
23 69
23 70
23 71
23 72
23 73
23 75
23 76
23 77
23 78
23 82
23 83
23 84
23 85
23 88
23 89
23 91
23 92
23 94
23 95
23 96
23 99
23 102
23 104
23 105
23 106
23 109
23 110
23 112
23 115
23 116
23 118
23 120
23 124
23 125
23 130
23 132
23 133
23 135
23 137
23 139
23 142
23 143
23 144
23 145
23 147
23 148
23 152
23 154
23 162
23 164
23 166
23 171
23 176
23 177
23 180
23 181
23 185
23 187
23 188
23 189
23 191
23 192
23 193
23 195
23 196
23 197
23 198
23 199
24 26
24 27
24 29
24 31
24 32
24 34
24 38
24 39
24 40
24 44
24 47
24 48
24 49
24 50
24 51
24 52
24 54
24 55
24 58
24 62
24 63
24 66
24 71
24 73
24 78
24 81
24 82
24 83
24 84
24 85
24 86
24 91
24 92
24 93
24 95
24 97
24 100
24 103
24 104
24 105
24 107
24 108
24 111
24 112
24 113
24 115
24 116
24 118
24 119
24 120
24 121
24 126
24 129
24 130
24 132
24 133
24 136
24 138
24 141
24 142
24 144
24 145
24 148
24 149
24 152
24 153
24 155
24 156
24 158
24 159
24 160
24 167
24 169
24 174
24 175
24 176
24 177
24 178
24 179
24 180
24 182
24 185
24 188
24 192
24 194
24 196
24 198
24 199
25 26
25 27
25 30
25 34
25 39
25 45
25 50
25 51
25 53
25 54
25 56
25 59
25 60
25 62
25 64
25 65
25 67
25 70
25 71
25 72
25 73
25 74
25 75
25 77
25 78
25 86
25 88
25 90
25 92
25 93
25 94
25 96
25 97
25 98
25 99
25 104
25 105
25 106
25 107
25 108
25 109
25 111
25 112
25 114
25 117
25 118
25 120
25 121
25 123
25 124
25 125
25 127
25 128
25 131
25 132
25 133
25 136
25 138
25 142
25 144
25 147
25 148
25 150
25 153
25 155
25 156
25 159
25 162
25 168
25 171
25 172
25 175
25 176
25 182
25 183
25 185
25 188
25 189
25 191
25 195
25 196
25 197
25 198
25 199
26 27
26 28
26 29
26 30
26 31
26 34
26 36
26 39
26 40
26 41
26 42
26 43
26 44
26 46
26 47
26 51
26 52
26 53
26 54
26 55
26 58
26 61
26 62
26 63
26 65
26 66
26 67
26 68
26 69
26 70
26 71
26 73
26 75
26 76
26 77
26 78
26 79
26 82
26 83
26 84
26 89
26 90
26 91
26 93
26 94
26 96
26 97
26 99
26 100
26 102
26 105
26 106
26 110
26 112
26 113
26 114
26 115
26 116
26 119
26 121
26 126
26 128
26 129
26 131
26 135
26 138
26 139
26 142
26 143
26 144
26 149
26 151
26 152
26 154
26 157
26 158
26 159
26 160
26 164
26 167
26 168
26 170
26 171
26 172
26 173
26 176
26 177
26 180
26 181
26 185
26 186
26 187
26 188
26 189
26 192
26 194
27 29
27 32
27 33
27 34
27 41
27 42
27 43
27 45
27 54
27 55
27 57
27 62
27 63
27 64
27 66
27 75
27 77
27 78
27 80
27 82
27 84
27 87
27 90
27 94
27 97
27 99
27 100
27 101
27 102
27 108
27 112
27 113
27 114
27 116
27 120
27 121
27 122
27 123
27 125
27 126
27 127
27 130
27 131
27 132
27 134
27 135
27 139
27 140
27 141
27 143
27 146
27 147
27 148
27 149
27 150
27 152
27 153
27 155
27 162
27 163
27 166
27 168
27 169
27 171
27 173
27 174
27 175
27 176
27 179
27 180
27 185
27 189
27 190
27 192
27 195
27 196
27 197
28 29
28 31
28 32
28 34
28 35
28 36
28 38
28 40
28 43
28 46
28 47
28 49
28 50
28 52
28 53
28 54
28 56
28 58
28 61
28 63
28 64
28 66
28 68
28 70
28 71
28 72
28 76
28 79
28 82
28 83
28 84
28 87
28 89
28 91
28 95
28 97
28 100
28 101
28 106
28 110
28 115
28 116
28 122
28 124
28 125
28 126
28 131
28 135
28 138
28 142
28 143
28 144
28 146
28 150
28 151
28 153
28 154
28 156
28 158
28 159
28 160
28 164
28 165
28 166
28 170
28 171
28 172
28 174
28 178
28 180
28 181
28 182
28 183
28 185
28 187
28 188
28 189
28 193
28 194
28 197
28 199
29 30
29 33
29 36
29 38
29 41
29 43
29 44
29 47
29 48
29 49
29 50
29 52
29 53
29 56
29 57
29 59
29 60
29 66
29 67
29 68
29 69
29 70
29 72
29 73
29 74
29 77
29 79
29 80
29 84
29 86
29 87
29 88
29 90
29 91
29 93
29 94
29 95
29 96
29 97
29 98
29 99
29 101
29 103
29 106
29 107
29 108
29 110
29 112
29 114
29 115
29 117
29 118
29 119
29 120
29 122
29 123
29 125
29 126
29 128
29 129
29 131
29 133
29 134
29 135
29 136
29 137
29 140
29 147
29 148
29 150
29 151
29 152
29 153
29 154
29 156
29 158
29 160
29 162
29 163
29 164
29 165
29 166
29 168
29 171
29 174
29 182
29 184
29 185
29 191
29 192
29 193
29 194
29 196
29 197
30 32
30 37
30 38
30 39
30 40
30 47
30 48
30 50
30 51
30 52
30 53
30 55
30 57
30 58
30 59
30 60
30 61
30 63
30 66
30 71
30 72
30 74
30 77
30 78
30 79
30 80
30 81
30 84
30 85
30 88
30 91
30 93
30 98
30 100
30 102
30 103
30 105
30 106
30 107
30 108
30 111
30 112
30 113
30 116
30 117
30 118
30 119
30 120
30 123
30 126
30 128
30 129
30 135
30 136
30 137
30 138
30 142
30 144
30 146
30 147
30 148
30 150
30 153
30 155
30 157
30 160
30 161
30 164
30 165
30 166
30 169
30 170
30 171
30 173
30 174
30 176
30 180
30 181
30 183
30 184
30 186
30 187
30 189
30 190
30 191
30 193
30 194
30 195
30 196
30 199
31 33
31 35
31 37
31 42
31 44
31 45
31 46
31 52
31 53
31 57
31 58
31 61
31 62
31 63
31 64
31 67
31 68
31 69
31 70
31 71
31 75
31 76
31 79
31 80
31 81
31 82
31 83
31 84
31 85
31 86
31 88
31 90
31 92
31 93
31 95
31 98
31 99
31 101
31 102
31 103
31 105
31 108
31 109
31 114
31 115
31 116
31 121
31 122
31 124
31 125
31 126
31 127
31 129
31 132
31 134
31 138
31 140
31 141
31 145
31 146
31 149
31 154
31 155
31 157
31 159
31 160
31 161
31 167
31 168
31 169
31 170
31 171
31 172
31 176
31 178
31 179
31 181
31 182
31 183
31 184
31 185
31 187
31 188
31 190
31 195
31 196
31 199
32 33
32 35
32 38
32 39
32 43
32 44
32 47
32 48
32 49
32 53
32 54
32 55
32 56
32 58
32 59
32 61
32 62
32 64
32 65
32 68
32 70
32 72
32 73
32 77
32 78
32 80
32 87
32 89
32 94
32 96
32 97
32 101
32 102
32 106
32 112
32 113
32 116
32 118
32 119
32 121
32 122
32 124
32 125
32 127
32 129
32 136
32 138
32 140
32 141
32 142
32 144
32 145
32 148
32 150
32 151
32 153
32 154
32 155
32 156
32 157
32 159
32 160
32 163
32 164
32 172
32 173
32 174
32 175
32 176
32 178
32 182
32 183
32 187
32 188
32 189
32 193
32 194
33 34
33 36
33 38
33 40
33 41
33 45
33 50
33 51
33 54
33 56
33 59
33 61
33 63
33 67
33 68
33 71
33 75
33 76
33 77
33 79
33 80
33 84
33 86
33 87
33 92
33 93
33 102
33 104
33 105
33 106
33 110
33 111
33 112
33 113
33 115
33 117
33 119
33 122
33 123
33 124
33 126
33 127
33 128
33 132
33 139
33 140
33 141
33 142
33 143
33 145
33 146
33 148
33 149
33 152
33 153
33 160
33 165
33 166
33 168
33 170
33 171
33 173
33 174
33 177
33 181
33 182
33 183
33 184
33 186
33 189
33 192
33 193
33 194
33 195
33 196
33 197
34 36
34 40
34 45
34 47
34 48
34 51
34 53
34 55
34 58
34 63
34 64
34 70
34 73
34 75
34 77
34 83
34 84
34 87
34 89
34 93
34 96
34 97
34 100
34 101
34 102
34 103
34 105
34 106
34 108
34 110
34 111
34 112
34 115
34 116
34 117
34 118
34 119
34 123
34 126
34 128
34 130
34 131
34 132
34 133
34 134
34 136
34 137
34 141
34 143
34 145
34 148
34 151
34 159
34 164
34 165
34 166
34 168
34 169
34 170
34 171
34 172
34 173
34 174
34 176
34 178
34 180
34 184
34 185
34 186
34 187
34 193
34 196
35 38
35 39
35 40
35 42
35 43
35 45
35 46
35 49
35 52
35 55
35 56
35 57
35 58
35 59
35 60
35 62
35 64
35 65
35 71
35 72
35 73
35 74
35 81
35 83
35 86
35 88
35 89
35 91
35 92
35 93
35 96
35 97
35 98
35 99
35 102
35 103
35 104
35 105
35 106
35 109
35 110
35 117
35 119
35 121
35 122
35 123
35 124
35 125
35 127
35 129
35 133
35 134
35 135
35 137
35 138
35 140
35 142
35 144
35 145
35 148
35 151
35 155
35 156
35 161
35 162
35 163
35 165
35 170
35 171
35 173
35 175
35 177
35 178
35 183
35 185
35 187
35 188
35 189
35 190
35 196
35 198
36 37
36 39
36 41
36 42
36 43
36 45
36 46
36 48
36 51
36 53
36 55
36 56
36 57
36 59
36 61
36 62
36 67
36 68
36 70
36 71
36 74
36 75
36 76
36 78
36 83
36 86
36 88
36 89
36 90
36 92
36 93
36 94
36 95
36 96
36 97
36 101
36 103
36 104
36 105
36 107
36 110
36 112
36 114
36 116
36 119
36 121
36 122
36 124
36 127
36 128
36 130
36 131
36 133
36 136
36 139
36 141
36 142
36 143
36 144
36 147
36 148
36 151
36 156
36 159
36 161
36 163
36 165
36 166
36 169
36 173
36 175
36 177
36 179
36 180
36 182
36 183
36 187
36 188
36 189
36 192
36 195
36 197
36 199
37 39
37 40
37 43
37 49
37 53
37 57
37 58
37 61
37 63
37 68
37 70
37 71
37 74
37 75
37 76
37 79
37 81
37 82
37 85
37 86
37 88
37 89
37 91
37 93
37 94
37 97
37 98
37 103
37 105
37 106
37 112
37 113
37 115
37 120
37 125
37 126
37 127
37 129
37 130
37 132
37 136
37 137
37 138
37 139
37 141
37 143
37 144
37 146
37 147
37 150
37 154
37 156
37 159
37 161
37 162
37 167
37 169
37 170
37 171
37 174
37 175
37 178
37 179
37 181
37 184
37 188
37 189
37 190
37 192
37 193
37 194
37 197
37 198
37 199
38 40
38 41
38 44
38 46
38 52
38 53
38 54
38 55
38 56
38 57
38 60
38 63
38 69
38 70
38 71
38 72
38 74
38 77
38 80
38 81
38 85
38 86
38 87
38 88
38 91
38 93
38 94
38 95
38 96
38 97
38 98
38 101
38 102
38 105
38 106
38 107
38 110
38 111
38 112
38 116
38 117
38 120
38 121
38 123
38 126
38 128
38 130
38 132
38 133
38 134
38 136
38 137
38 141
38 145
38 147
38 149
38 152
38 156
38 157
38 158
38 160
38 161
38 163
38 164
38 165
38 167
38 172
38 174
38 176
38 177
38 178
38 179
38 181
38 182
38 186
38 187
38 189
38 190
38 191
38 192
38 193
38 195
38 197
38 198
38 199
39 44
39 47
39 48
39 50
39 51
39 53
39 54
39 55
39 58
39 60
39 62
39 63
39 66
39 70
39 71
39 72
39 73
39 74
39 75
39 79
39 80
39 83
39 85
39 86
39 89
39 90
39 93
39 101
39 102
39 107
39 109
39 110
39 111
39 112
39 113
39 114
39 116
39 117
39 118
39 119
39 120
39 122
39 123
39 124
39 125
39 126
39 127
39 129
39 132
39 134
39 136
39 137
39 140
39 141
39 142
39 143
39 145
39 148
39 150
39 152
39 154
39 161
39 164
39 166
39 167
39 169
39 170
39 173
39 175
39 176
39 178
39 179
39 180
39 183
39 184
39 187
39 188
39 189
39 190
39 192
39 193
39 194
39 195
39 196
39 199
40 46
40 48
40 49
40 51
40 52
40 53
40 54
40 57
40 58
40 59
40 60
40 62
40 63
40 64
40 66
40 68
40 70
40 72
40 74
40 75
40 76
40 77
40 79
40 80
40 82
40 83
40 85
40 88
40 89
40 90
40 96
40 97
40 100
40 101
40 103
40 105
40 106
40 107
40 108
40 109
40 111
40 112
40 114
40 116
40 119
40 121
40 124
40 126
40 127
40 128
40 131
40 132
40 133
40 137
40 139
40 140
40 142
40 143
40 144
40 145
40 146
40 147
40 149
40 151
40 152
40 154
40 155
40 158
40 160
40 162
40 163
40 164
40 165
40 169
40 170
40 171
40 175
40 176
40 177
40 179
40 185
40 187
40 188
40 191
40 195
40 196
40 198
40 199
41 42
41 44
41 45
41 48
41 50
41 53
41 56
41 58
41 59
41 60
41 61
41 62
41 63
41 64
41 65
41 66
41 67
41 68
41 69
41 70
41 71
41 78
41 81
41 82
41 83
41 84
41 85
41 86
41 88
41 92
41 93
41 94
41 99
41 100
41 104
41 106
41 107
41 108
41 113
41 114
41 119
41 128
41 129
41 130
41 131
41 133
41 134
41 135
41 137
41 138
41 139
41 142
41 143
41 148
41 149
41 152
41 153
41 154
41 156
41 158
41 161
41 164
41 165
41 167
41 168
41 169
41 171
41 174
41 178
41 181
41 182
41 184
41 185
41 186
41 189
41 193
41 194
41 196
41 197
41 198
41 199
42 44
42 46
42 50
42 51
42 52
42 53
42 54
42 55
42 56
42 59
42 61
42 62
42 63
42 65
42 66
42 67
42 68
42 71
42 72
42 73
42 75
42 76
42 77
42 78
42 79
42 82
42 83
42 84
42 86
42 87
42 89
42 90
42 92
42 94
42 96
42 99
42 100
42 103
42 104
42 105
42 106
42 107
42 109
42 110
42 111
42 115
42 117
42 118
42 121
42 122
42 124
42 125
42 140
42 141
42 144
42 145
42 146
42 149
42 152
42 154
42 155
42 156
42 160
42 163
42 165
42 166
42 167
42 168
42 169
42 170
42 172
42 175
42 179
42 180
42 185
42 190
42 192
42 193
42 194
42 196
42 198
43 45
43 46
43 47
43 48
43 49
43 50
43 53
43 54
43 57
43 59
43 61
43 62
43 63
43 65
43 66
43 68
43 69
43 71
43 72
43 73
43 74
43 75
43 76
43 79
43 82
43 83
43 84
43 86
43 87
43 88
43 90
43 92
43 94
43 97
43 98
43 99
43 101
43 103
43 105
43 106
43 107
43 109
43 111
43 112
43 115
43 116
43 117
43 118
43 119
43 120
43 122
43 126
43 127
43 129
43 130
43 131
43 132
43 134
43 135
43 136
43 137
43 138
43 140
43 141
43 145
43 148
43 150
43 151
43 156
43 157
43 160
43 161
43 162
43 165
43 167
43 171
43 179
43 180
43 181
43 183
43 184
43 185
43 186
43 187
43 189
43 191
43 192
43 193
43 195
43 197
43 198
43 199
44 46
44 48
44 50
44 52
44 53
44 54
44 56
44 57
44 59
44 61
44 62
44 65
44 66
44 68
44 73
44 78
44 79
44 81
44 83
44 87
44 88
44 90
44 92
44 95
44 96
44 99
44 100
44 101
44 102
44 103
44 104
44 106
44 113
44 115
44 116
44 118
44 123
44 124
44 126
44 130
44 136
44 137
44 145
44 148
44 149
44 150
44 153
44 154
44 156
44 157
44 161
44 162
44 163
44 164
44 168
44 169
44 172
44 173
44 176
44 178
44 181
44 187
44 190
44 191
44 194
44 195
44 196
44 197
44 198
44 199
45 46
45 47
45 52
45 55
45 56
45 57
45 58
45 59
45 60
45 61
45 66
45 67
45 70
45 75
45 76
45 77
45 78
45 79
45 81
45 82
45 84
45 86
45 89
45 91
45 92
45 93
45 96
45 98
45 99
45 102
45 103
45 105
45 107
45 110
45 111
45 113
45 114
45 116
45 119
45 120
45 121
45 124
45 126
45 128
45 130
45 131
45 132
45 137
45 138
45 142
45 144
45 146
45 147
45 148
45 152
45 153
45 154
45 155
45 156
45 159
45 160
45 162
45 163
45 165
45 166
45 167
45 174
45 179
45 180
45 181
45 183
45 184
45 186
45 190
45 192
45 193
45 198
45 199
46 49
46 50
46 53
46 54
46 55
46 57
46 58
46 60
46 61
46 64
46 65
46 71
46 72
46 75
46 78
46 79
46 87
46 88
46 89
46 90
46 91
46 93
46 94
46 95
46 96
46 98
46 104
46 108
46 109
46 110
46 112
46 113
46 115
46 118
46 120
46 122
46 123
46 125
46 127
46 130
46 132
46 133
46 134
46 139
46 141
46 142
46 148
46 149
46 150
46 151
46 153
46 155
46 157
46 158
46 161
46 163
46 164
46 167
46 174
46 176
46 177
46 178
46 184
46 185
46 190
46 193
46 194
46 195
46 199
47 51
47 54
47 56
47 58
47 59
47 61
47 64
47 65
47 66
47 70
47 71
47 73
47 74
47 75
47 81
47 82
47 85
47 86
47 87
47 89
47 90
47 91
47 92
47 95
47 96
47 98
47 100
47 101
47 104
47 108
47 110
47 111
47 113
47 115
47 120
47 123
47 125
47 126
47 127
47 129
47 130
47 133
47 134
47 135
47 136
47 137
47 140
47 146
47 147
47 148
47 149
47 151
47 153
47 154
47 155
47 156
47 157
47 159
47 160
47 161
47 165
47 170
47 174
47 176
47 177
47 180
47 183
47 186
47 189
47 190
47 192
47 193
47 194
47 195
47 198
47 199
48 52
48 56
48 59
48 62
48 63
48 67
48 70
48 72
48 74
48 75
48 76
48 80
48 81
48 82
48 84
48 85
48 86
48 89
48 91
48 93
48 94
48 95
48 96
48 97
48 99
48 100
48 101
48 105
48 106
48 111
48 112
48 114
48 118
48 119
48 122
48 124
48 125
48 126
48 127
48 128
48 129
48 131
48 132
48 133
48 135
48 137
48 144
48 146
48 150
48 151
48 152
48 155
48 158
48 159
48 160
48 163
48 165
48 168
48 170
48 171
48 173
48 175
48 179
48 181
48 183
48 184
48 185
48 186
48 187
48 192
48 194
48 195
48 196
48 199
49 50
49 54
49 55
49 57
49 62
49 63
49 67
49 69
49 70
49 74
49 75
49 76
49 78
49 80
49 81
49 82
49 87
49 89
49 90
49 91
49 93
49 94
49 101
49 103
49 107
49 109
49 111
49 114
49 115
49 119
49 120
49 126
49 129
49 131
49 132
49 134
49 138
49 139
49 140
49 142
49 143
49 145
49 146
49 148
49 149
49 150
49 151
49 155
49 156
49 158
49 160
49 161
49 163
49 165
49 166
49 171
49 173
49 174
49 176
49 183
49 184
49 189
49 190
49 194
49 195
49 196
49 197
49 198
49 199
50 51
50 53
50 54
50 55
50 56
50 57
50 59
50 60
50 62
50 63
50 64
50 65
50 66
50 68
50 69
50 74
50 76
50 78
50 79
50 80
50 83
50 84
50 89
50 90
50 91
50 92
50 94
50 96
50 97
50 98
50 101
50 102
50 103
50 104
50 106
50 108
50 113
50 114
50 115
50 117
50 119
50 121
50 122
50 123
50 126
50 128
50 130
50 132
50 133
50 135
50 137
50 138
50 140
50 143
50 145
50 147
50 148
50 149
50 150
50 152
50 153
50 157
50 160
50 161
50 163
50 164
50 166
50 167
50 168
50 169
50 171
50 172
50 174
50 176
50 177
50 178
50 179
50 181
50 182
50 184
50 185
50 187
50 188
50 189
50 190
50 193
50 198
51 53
51 55
51 58
51 60
51 62
51 64
51 66
51 69
51 72
51 73
51 74
51 75
51 76
51 78
51 84
51 87
51 88
51 89
51 90
51 92
51 93
51 95
51 97
51 100
51 102
51 103
51 106
51 107
51 108
51 112
51 115
51 117
51 118
51 120
51 123
51 128
51 129
51 132
51 137
51 138
51 140
51 143
51 144
51 149
51 151
51 153
51 154
51 155
51 156
51 157
51 161
51 163
51 165
51 169
51 170
51 172
51 173
51 176
51 180
51 184
51 185
51 187
51 188
51 189
51 190
51 191
51 193
51 194
51 196
52 53
52 54
52 55
52 56
52 58
52 59
52 60
52 62
52 65
52 71
52 73
52 74
52 77
52 78
52 80
52 81
52 82
52 85
52 87
52 90
52 92
52 93
52 94
52 95
52 96
52 97
52 98
52 99
52 103
52 108
52 113
52 115
52 116
52 119
52 120
52 121
52 124
52 125
52 126
52 127
52 130
52 132
52 135
52 137
52 139
52 141
52 142
52 144
52 145
52 147
52 149
52 151
52 152
52 154
52 155
52 158
52 159
52 162
52 163
52 164
52 165
52 166
52 167
52 168
52 170
52 173
52 174
52 175
52 179
52 180
52 181
52 182
52 183
52 185
52 186
52 187
52 188
52 189
52 191
52 195
52 196
52 197
52 199
53 57
53 59
53 60
53 62
53 64
53 66
53 67
53 68
53 69
53 70
53 72
53 73
53 75
53 76
53 77
53 79
53 83
53 84
53 85
53 87
53 92
53 93
53 95
53 97
53 99
53 101
53 103
53 105
53 106
53 109
53 110
53 112
53 115
53 116
53 119
53 122
53 123
53 125
53 127
53 129
53 133
53 137
53 138
53 139
53 142
53 144
53 145
53 150
53 151
53 153
53 155
53 157
53 158
53 162
53 166
53 167
53 168
53 169
53 172
53 176
53 177
53 179
53 180
53 182
53 183
53 184
53 186
53 190
53 191
53 193
53 195
53 196
53 199
54 55
54 59
54 63
54 66
54 69
54 70
54 71
54 72
54 74
54 75
54 78
54 79
54 82
54 84
54 85
54 86
54 87
54 89
54 95
54 96
54 97
54 102
54 103
54 104
54 105
54 106
54 107
54 109
54 110
54 112
54 114
54 115
54 116
54 118
54 119
54 120
54 121
54 122
54 124
54 125
54 129
54 138
54 140
54 141
54 144
54 145
54 148
54 150
54 151
54 152
54 156
54 157
54 158
54 159
54 160
54 162
54 164
54 167
54 168
54 170
54 171
54 173
54 174
54 175
54 179
54 182
54 185
54 186
54 187
54 188
54 190
54 193
54 194
54 195
54 198
55 56
55 59
55 60
55 63
55 64
55 67
55 70
55 74
55 75
55 76
55 78
55 81
55 83
55 84
55 85
55 88
55 91
55 96
55 101
55 107
55 111
55 112
55 113
55 114
55 119
55 121
55 130
55 131
55 132
55 133
55 134
55 135
55 137
55 140
55 141
55 143
55 144
55 145
55 148
55 151
55 154
55 160
55 164
55 166
55 168
55 169
55 170
55 173
55 175
55 176
55 179
55 182
55 185
55 186
55 189
55 191
55 193
55 195
55 196
55 197
55 198
55 199
56 59
56 60
56 64
56 66
56 68
56 74
56 76
56 77
56 83
56 87
56 89
56 92
56 93
56 94
56 95
56 100
56 101
56 105
56 113
56 119
56 120
56 122
56 124
56 125
56 128
56 131
56 132
56 133
56 135
56 137
56 138
56 139
56 141
56 143
56 145
56 146
56 147
56 150
56 154
56 155
56 156
56 159
56 163
56 164
56 165
56 166
56 167
56 170
56 174
56 175
56 177
56 178
56 179
56 186
56 187
56 192
56 193
56 195
56 196
56 198
56 199
57 59
57 60
57 65
57 68
57 70
57 71
57 73
57 74
57 76
57 80
57 81
57 82
57 84
57 86
57 87
57 88
57 89
57 90
57 91
57 93
57 94
57 96
57 98
57 101
57 102
57 106
57 116
57 121
57 123
57 127
57 129
57 131
57 132
57 137
57 138
57 139
57 140
57 141
57 142
57 143
57 147
57 148
57 151
57 156
57 158
57 160
57 161
57 162
57 163
57 165
57 167
57 168
57 169
57 170
57 172
57 175
57 176
57 177
57 178
57 181
57 183
57 184
57 185
57 186
57 187
57 189
57 191
57 192
57 193
57 194
57 195
57 197
58 60
58 61
58 62
58 64
58 65
58 67
58 68
58 70
58 73
58 74
58 75
58 77
58 78
58 79
58 81
58 82
58 83
58 84
58 85
58 87
58 88
58 92
58 95
58 98
58 101
58 102
58 104
58 107
58 108
58 109
58 114
58 115
58 119
58 120
58 121
58 122
58 124
58 127
58 129
58 132
58 133
58 135
58 136
58 137
58 139
58 140
58 141
58 142
58 143
58 144
58 145
58 146
58 149
58 150
58 151
58 153
58 155
58 156
58 157
58 159
58 162
58 165
58 169
58 170
58 172
58 173
58 174
58 177
58 178
58 179
58 180
58 181
58 182
58 184
58 189
58 192
58 198
59 60
59 62
59 65
59 68
59 69
59 73
59 75
59 76
59 79
59 80
59 82
59 83
59 84
59 85
59 87
59 92
59 94
59 96
59 105
59 107
59 109
59 111
59 112
59 115
59 116
59 118
59 120
59 121
59 124
59 129
59 138
59 139
59 141
59 143
59 146
59 149
59 150
59 151
59 152
59 155
59 156
59 161
59 163
59 166
59 167
59 173
59 174
59 178
59 180
59 183
59 184
59 186
59 187
59 188
59 189
59 190
59 192
59 193
59 194
59 197
59 198
59 199
60 61
60 63
60 64
60 65
60 66
60 67
60 68
60 70
60 75
60 76
60 77
60 78
60 79
60 81
60 84
60 85
60 88
60 89
60 90
60 92
60 93
60 95
60 97
60 103
60 104
60 108
60 109
60 110
60 111
60 112
60 113
60 115
60 117
60 127
60 128
60 130
60 131
60 132
60 135
60 136
60 137
60 138
60 140
60 141
60 142
60 143
60 147
60 150
60 152
60 153
60 155
60 161
60 162
60 163
60 165
60 166
60 167
60 168
60 169
60 170
60 171
60 173
60 174
60 175
60 177
60 180
60 182
60 183
60 184
60 187
60 190
60 191
60 192
60 193
60 194
60 195
60 196
60 197
61 62
61 63
61 64
61 65
61 66
61 68
61 71
61 72
61 73
61 79
61 82
61 83
61 86
61 88
61 89
61 90
61 94
61 97
61 103
61 104
61 105
61 108
61 110
61 112
61 113
61 115
61 116
61 119
61 120
61 121
61 123
61 126
61 129
61 130
61 131
61 133
61 137
61 139
61 140
61 142
61 143
61 144
61 147
61 150
61 153
61 154
61 156
61 157
61 159
61 161
61 162
61 164
61 165
61 171
61 173
61 175
61 177
61 178
61 180
61 181
61 182
61 183
61 185
61 186
61 189
61 190
61 191
61 193
61 196
61 199
62 63
62 64
62 68
62 70
62 72
62 73
62 75
62 76
62 78
62 79
62 80
62 81
62 82
62 83
62 84
62 85
62 87
62 91
62 92
62 94
62 95
62 96
62 99
62 102
62 104
62 105
62 111
62 112
62 113
62 114
62 115
62 117
62 121
62 125
62 126
62 128
62 129
62 130
62 131
62 135
62 137
62 145
62 146
62 150
62 153
62 155
62 162
62 164
62 165
62 167
62 168
62 169
62 171
62 174
62 175
62 177
62 178
62 181
62 182
62 183
62 186
62 190
62 192
62 194
62 195
62 197
63 64
63 65
63 66
63 67
63 68
63 69
63 70
63 73
63 74
63 75
63 76
63 78
63 81
63 83
63 89
63 91
63 93
63 98
63 99
63 100
63 101
63 102
63 104
63 106
63 107
63 110
63 111
63 114
63 115
63 116
63 122
63 125
63 126
63 128
63 129
63 130
63 131
63 133
63 134
63 135
63 136
63 138
63 139
63 141
63 145
63 146
63 147
63 148
63 149
63 153
63 155
63 156
63 157
63 158
63 159
63 160
63 161
63 162
63 164
63 168
63 169
63 171
63 174
63 175
63 176
63 178
63 179
63 180
63 183
63 188
63 189
63 199
64 65
64 66
64 67
64 68
64 74
64 75
64 76
64 80
64 81
64 83
64 84
64 86
64 88
64 90
64 92
64 94
64 99
64 100
64 101
64 102
64 103
64 105
64 106
64 109
64 110
64 111
64 117
64 118
64 119
64 122
64 125
64 128
64 129
64 131
64 136
64 137
64 138
64 139
64 140
64 144
64 146
64 147
64 149
64 150
64 153
64 156
64 157
64 160
64 161
64 166
64 167
64 169
64 170
64 171
64 173
64 176
64 177
64 178
64 180
64 181
64 182
64 183
64 184
64 187
64 192
64 195
64 196
64 197
64 198
64 199
65 66
65 67
65 68
65 69
65 70
65 71
65 77
65 78
65 79
65 80
65 81
65 85
65 86
65 87
65 88
65 92
65 95
65 97
65 98
65 99
65 100
65 104
65 106
65 113
65 115
65 118
65 119
65 120
65 122
65 123
65 124
65 126
65 128
65 129
65 130
65 131
65 132
65 133
65 134
65 135
65 136
65 137
65 138
65 140
65 141
65 142
65 144
65 145
65 148
65 150
65 151
65 152
65 153
65 154
65 158
65 159
65 160
65 163
65 168
65 169
65 174
65 175
65 177
65 180
65 182
65 183
65 188
65 191
65 192
65 194
65 195
65 198
65 199
66 68
66 72
66 73
66 77
66 79
66 80
66 81
66 82
66 83
66 85
66 88
66 96
66 97
66 99
66 100
66 105
66 108
66 109
66 110
66 111
66 112
66 113
66 114
66 116
66 119
66 120
66 121
66 126
66 127
66 130
66 133
66 135
66 136
66 137
66 138
66 139
66 140
66 142
66 143
66 146
66 148
66 151
66 158
66 160
66 163
66 164
66 165
66 166
66 169
66 170
66 172
66 175
66 178
66 180
66 181
66 183
66 186
66 187
66 188
66 191
66 193
66 194
66 196
66 197
66 198
66 199
67 69
67 70
67 71
67 73
67 77
67 78
67 79
67 81
67 83
67 84
67 87
67 90
67 91
67 92
67 93
67 94
67 95
67 97
67 100
67 102
67 103
67 105
67 106
67 108
67 111
67 112
67 113
67 116
67 117
67 118
67 120
67 125
67 126
67 128
67 130
67 131
67 133
67 136
67 139
67 140
67 141
67 142
67 144
67 148
67 149
67 150
67 152
67 153
67 154
67 156
67 157
67 158
67 159
67 160
67 161
67 164
67 167
67 168
67 173
67 176
67 177
67 178
67 181
67 182
67 183
67 184
67 185
67 189
67 190
67 192
67 194
67 195
67 197
67 198
67 199
68 70
68 74
68 76
68 77
68 85
68 86
68 87
68 88
68 95
68 96
68 97
68 98
68 101
68 102
68 104
68 105
68 107
68 108
68 109
68 110
68 112
68 116
68 118
68 119
68 121
68 123
68 124
68 125
68 127
68 130
68 134
68 135
68 136
68 137
68 138
68 139
68 140
68 141
68 143
68 144
68 145
68 148
68 149
68 152
68 153
68 154
68 155
68 156
68 158
68 159
68 160
68 161
68 163
68 164
68 165
68 167
68 168
68 169
68 171
68 172
68 177
68 178
68 179
68 180
68 181
68 182
68 185
68 186
68 187
68 188
68 190
68 192
68 195
68 196
68 197
69 72
69 74
69 75
69 76
69 79
69 80
69 81
69 82
69 86
69 87
69 88
69 89
69 94
69 95
69 96
69 101
69 102
69 103
69 104
69 107
69 110
69 111
69 113
69 114
69 115
69 118
69 119
69 120
69 126
69 129
69 131
69 133
69 134
69 136
69 138
69 139
69 141
69 143
69 144
69 147
69 148
69 151
69 152
69 153
69 154
69 155
69 163
69 164
69 169
69 170
69 171
69 175
69 176
69 180
69 184
69 185
69 186
69 188
69 189
69 190
69 193
69 196
69 197
69 199
70 71
70 72
70 75
70 76
70 78
70 79
70 80
70 81
70 84
70 86
70 88
70 89
70 90
70 92
70 95
70 96
70 98
70 100
70 102
70 103
70 104
70 107
70 109
70 110
70 112
70 113
70 114
70 116
70 118
70 120
70 123
70 124
70 132
70 134
70 136
70 137
70 139
70 140
70 141
70 142
70 146
70 147
70 148
70 150
70 151
70 152
70 153
70 154
70 155
70 156
70 158
70 159
70 162
70 163
70 164
70 166
70 169
70 170
70 173
70 175
70 177
70 178
70 181
70 182
70 184
70 186
70 187
70 188
70 190
70 192
70 193
70 194
70 197
70 199
71 72
71 74
71 75
71 79
71 80
71 82
71 84
71 85
71 88
71 89
71 92
71 93
71 95
71 98
71 100
71 103
71 105
71 107
71 109
71 110
71 111
71 112
71 113
71 114
71 119
71 120
71 124
71 126
71 129
71 130
71 131
71 132
71 133
71 137
71 140
71 141
71 143
71 145
71 146
71 150
71 152
71 153
71 155
71 156
71 158
71 162
71 164
71 168
71 171
71 173
71 176
71 180
71 182
71 183
71 184
71 186
71 187
71 191
71 192
71 194
71 195
71 199
72 74
72 75
72 76
72 78
72 80
72 83
72 84
72 90
72 91
72 93
72 96
72 98
72 101
72 102
72 103
72 104
72 105
72 106
72 107
72 109
72 113
72 114
72 116
72 117
72 119
72 122
72 123
72 126
72 128
72 129
72 132
72 133
72 135
72 137
72 142
72 144
72 146
72 147
72 148
72 149
72 151
72 152
72 154
72 155
72 156
72 157
72 158
72 165
72 167
72 168
72 169
72 170
72 173
72 174
72 180
72 181
72 187
72 188
72 189
72 193
72 195
72 196
72 197
72 198
72 199
73 74
73 75
73 76
73 77
73 78
73 79
73 84
73 86
73 88
73 95
73 97
73 99
73 100
73 101
73 102
73 106
73 109
73 110
73 112
73 114
73 117
73 121
73 122
73 123
73 127
73 129
73 131
73 132
73 133
73 135
73 140
73 141
73 143
73 145
73 146
73 148
73 150
73 152
73 156
73 157
73 159
73 161
73 163
73 165
73 166
73 169
73 170
73 173
73 174
73 175
73 177
73 180
73 181
73 182
73 186
73 187
73 188
73 189
73 195
73 197
74 76
74 77
74 78
74 79
74 84
74 85
74 88
74 89
74 90
74 92
74 94
74 100
74 101
74 102
74 104
74 110
74 114
74 115
74 119
74 120
74 121
74 123
74 126
74 127
74 129
74 131
74 134
74 136
74 139
74 141
74 144
74 146
74 147
74 148
74 149
74 152
74 154
74 157
74 158
74 160
74 163
74 165
74 168
74 170
74 172
74 174
74 175
74 176
74 177
74 179
74 180
74 181
74 182
74 183
74 184
74 185
74 190
74 191
74 192
74 195
74 197
74 198
75 76
75 77
75 80
75 81
75 82
75 84
75 86
75 87
75 89
75 92
75 93
75 94
75 95
75 96
75 97
75 99
75 100
75 101
75 102
75 105
75 107
75 108
75 112
75 113
75 115
75 117
75 119
75 120
75 121
75 124
75 126
75 128
75 131
75 133
75 138
75 140
75 141
75 142
75 143
75 144
75 150
75 152
75 154
75 157
75 158
75 160
75 162
75 165
75 167
75 168
75 170
75 172
75 175
75 177
75 178
75 180
75 181
75 183
75 184
75 185
75 186
75 192
75 195
75 196
75 197
75 198
76 77
76 78
76 80
76 81
76 84
76 85
76 87
76 88
76 91
76 96
76 97
76 100
76 102
76 112
76 116
76 117
76 118
76 119
76 120
76 121
76 123
76 124
76 127
76 130
76 131
76 133
76 134
76 135
76 137
76 138
76 139
76 142
76 144
76 147
76 148
76 151
76 152
76 153
76 155
76 156
76 160
76 162
76 167
76 168
76 170
76 171
76 172
76 174
76 175
76 177
76 181
76 182
76 187
76 189
76 191
76 192
76 193
76 194
76 195
76 197
76 198
76 199
77 78
77 80
77 82
77 84
77 88
77 89
77 90
77 93
77 95
77 96
77 97
77 98
77 99
77 100
77 101
77 108
77 111
77 112
77 113
77 117
77 118
77 119
77 120
77 121
77 122
77 125
77 126
77 127
77 128
77 129
77 130
77 133
77 134
77 136
77 137
77 138
77 142
77 147
77 150
77 153
77 155
77 158
77 160
77 161
77 162
77 165
77 168
77 171
77 173
77 174
77 175
77 179
77 186
77 190
77 197
78 80
78 81
78 83
78 84
78 88
78 89
78 90
78 101
78 102
78 106
78 107
78 109
78 112
78 114
78 116
78 117
78 119
78 125
78 127
78 130
78 132
78 133
78 134
78 135
78 137
78 138
78 139
78 141
78 142
78 143
78 144
78 145
78 148
78 150
78 151
78 154
78 155
78 156
78 157
78 160
78 161
78 163
78 169
78 172
78 173
78 174
78 179
78 181
78 182
78 183
78 187
78 188
78 189
78 190
78 191
78 192
78 196
78 199
79 80
79 83
79 84
79 85
79 86
79 89
79 92
79 93
79 95
79 97
79 98
79 100
79 101
79 102
79 103
79 104
79 105
79 107
79 108
79 109
79 110
79 111
79 116
79 117
79 118
79 119
79 120
79 124
79 125
79 127
79 128
79 130
79 132
79 134
79 135
79 136
79 137
79 138
79 139
79 140
79 142
79 143
79 147
79 150
79 153
79 157
79 158
79 163
79 164
79 165
79 169
79 170
79 172
79 175
79 182
79 184
79 186
79 187
79 188
79 191
79 194
79 195
79 197
80 83
80 85
80 86
80 88
80 89
80 91
80 92
80 94
80 95
80 96
80 99
80 100
80 102
80 103
80 105
80 106
80 110
80 113
80 114
80 115
80 116
80 118
80 119
80 120
80 126
80 127
80 129
80 132
80 134
80 135
80 140
80 144
80 145
80 151
80 153
80 155
80 156
80 157
80 158
80 159
80 160
80 163
80 164
80 165
80 168
80 169
80 171
80 172
80 173
80 176
80 179
80 180
80 184
80 185
80 186
80 188
80 190
80 192
80 194
80 195
80 197
80 198
80 199
81 83
81 85
81 89
81 91
81 92
81 93
81 96
81 99
81 104
81 106
81 110
81 111
81 112
81 114
81 118
81 119
81 124
81 131
81 132
81 133
81 134
81 136
81 139
81 140
81 142
81 143
81 145
81 146
81 147
81 148
81 153
81 157
81 158
81 160
81 163
81 164
81 165
81 168
81 171
81 172
81 174
81 176
81 177
81 178
81 179
81 181
81 183
81 185
81 194
81 195
81 197
81 199
82 83
82 85
82 88
82 89
82 90
82 91
82 92
82 93
82 94
82 96
82 97
82 98
82 102
82 106
82 107
82 108
82 110
82 111
82 112
82 114
82 117
82 120
82 121
82 122
82 124
82 125
82 126
82 127
82 132
82 133
82 134
82 140
82 142
82 145
82 146
82 148
82 149
82 150
82 151
82 152
82 153
82 154
82 156
82 158
82 160
82 162
82 166
82 168
82 170
82 173
82 174
82 180
82 182
82 185
82 188
82 190
82 193
82 195
83 85
83 87
83 89
83 92
83 93
83 94
83 95
83 99
83 100
83 102
83 110
83 112
83 113
83 116
83 120
83 121
83 122
83 124
83 125
83 127
83 129
83 135
83 136
83 140
83 141
83 142
83 144
83 145
83 149
83 151
83 152
83 153
83 160
83 162
83 163
83 167
83 169
83 170
83 171
83 173
83 178
83 180
83 181
83 182
83 185
83 186
83 187
83 191
83 192
83 195
83 197
84 85
84 89
84 92
84 93
84 94
84 95
84 96
84 97
84 103
84 108
84 112
84 115
84 116
84 118
84 121
84 122
84 123
84 124
84 126
84 128
84 130
84 131
84 132
84 133
84 134
84 136
84 137
84 139
84 142
84 143
84 145
84 149
84 150
84 151
84 153
84 158
84 161
84 163
84 164
84 166
84 168
84 174
84 180
84 182
84 183
84 184
84 186
84 187
84 189
84 190
84 191
84 195
84 196
84 197
84 199
85 86
85 87
85 88
85 89
85 90
85 93
85 94
85 95
85 97
85 99
85 100
85 104
85 106
85 107
85 109
85 112
85 113
85 120
85 123
85 126
85 128
85 129
85 130
85 132
85 133
85 134
85 135
85 137
85 139
85 141
85 145
85 146
85 147
85 151
85 152
85 156
85 157
85 159
85 164
85 166
85 170
85 179
85 180
85 182
85 185
85 187
85 188
85 189
85 191
85 192
85 195
85 196
85 197
85 198
86 87
86 88
86 89
86 90
86 94
86 95
86 96
86 99
86 100
86 101
86 103
86 108
86 110
86 112
86 113
86 117
86 118
86 119
86 122
86 124
86 130
86 133
86 134
86 136
86 138
86 141
86 147
86 149
86 152
86 153
86 155
86 156
86 157
86 159
86 160
86 164
86 166
86 167
86 168
86 169
86 170
86 171
86 175
86 178
86 179
86 183
86 185
86 189
86 191
86 192
86 194
86 196
86 199
87 88
87 89
87 91
87 92
87 96
87 99
87 100
87 102
87 106
87 107
87 108
87 115
87 116
87 117
87 123
87 124
87 128
87 129
87 130
87 131
87 133
87 135
87 137
87 140
87 141
87 143
87 147
87 148
87 155
87 157
87 159
87 161
87 166
87 167
87 170
87 172
87 174
87 176
87 178
87 179
87 180
87 181
87 182
87 184
87 185
87 186
87 187
87 188
87 189
87 190
87 192
87 193
87 194
87 199
88 90
88 91
88 93
88 94
88 95
88 97
88 98
88 99
88 100
88 102
88 105
88 106
88 111
88 112
88 119
88 120
88 122
88 123
88 126
88 128
88 130
88 131
88 134
88 136
88 137
88 139
88 141
88 143
88 147
88 148
88 149
88 151
88 154
88 156
88 158
88 161
88 165
88 166
88 167
88 168
88 170
88 173
88 174
88 177
88 178
88 180
88 181
88 182
88 183
88 185
88 186
88 189
88 190
88 193
88 196
88 197
88 199
89 90
89 91
89 93
89 96
89 104
89 108
89 109
89 112
89 113
89 114
89 116
89 118
89 122
89 123
89 126
89 127
89 128
89 132
89 137
89 140
89 141
89 142
89 145
89 146
89 149
89 150
89 151
89 154
89 157
89 163
89 165
89 170
89 171
89 175
89 179
89 180
89 182
89 183
89 185
89 186
89 188
89 189
89 193
89 195
89 198
90 92
90 95
90 96
90 97
90 100
90 103
90 109
90 112
90 113
90 115
90 116
90 117
90 118
90 124
90 125
90 128
90 129
90 133
90 136
90 138
90 139
90 140
90 143
90 145
90 149
90 151
90 152
90 155
90 156
90 157
90 158
90 159
90 162
90 166
90 167
90 168
90 169
90 173
90 174
90 175
90 177
90 178
90 180
90 181
90 182
90 184
90 185
90 186
90 187
90 191
90 193
90 196
90 197
90 199
91 94
91 96
91 99
91 100
91 101
91 103
91 105
91 106
91 109
91 111
91 114
91 118
91 120
91 121
91 122
91 123
91 124
91 125
91 127
91 128
91 129
91 131
91 132
91 135
91 136
91 138
91 139
91 140
91 141
91 143
91 144
91 145
91 146
91 149
91 150
91 151
91 153
91 157
91 158
91 159
91 165
91 166
91 169
91 170
91 173
91 175
91 177
91 178
91 180
91 181
91 182
91 186
91 187
91 190
91 191
91 192
91 194
91 196
91 199
92 93
92 94
92 95
92 98
92 100
92 101
92 105
92 113
92 121
92 122
92 125
92 128
92 131
92 132
92 133
92 134
92 141
92 143
92 144
92 147
92 148
92 150
92 151
92 153
92 155
92 157
92 160
92 162
92 164
92 166
92 167
92 170
92 172
92 173
92 174
92 177
92 178
92 182
92 183
92 184
92 188
92 191
92 192
92 193
92 195
92 196
92 199
93 95
93 96
93 97
93 98
93 100
93 103
93 104
93 108
93 109
93 111
93 117
93 119
93 120
93 122
93 123
93 125
93 126
93 127
93 128
93 130
93 134
93 135
93 137
93 138
93 140
93 141
93 142
93 144
93 146
93 148
93 149
93 152
93 157
93 159
93 161
93 163
93 164
93 165
93 168
93 169
93 170
93 171
93 174
93 175
93 177
93 179
93 185
93 186
93 187
93 188
93 189
93 191
93 193
93 195
93 196
93 199
94 97
94 99
94 103
94 104
94 105
94 106
94 107
94 108
94 109
94 110
94 111
94 112
94 114
94 115
94 116
94 118
94 119
94 124
94 126
94 127
94 128
94 129
94 130
94 131
94 133
94 134
94 135
94 136
94 137
94 140
94 144
94 147
94 148
94 149
94 152
94 154
94 158
94 159
94 161
94 164
94 166
94 169
94 174
94 175
94 177
94 184
94 185
94 186
94 187
94 188
94 191
94 192
94 196
94 198
95 96
95 99
95 100
95 104
95 105
95 107
95 109
95 111
95 112
95 115
95 116
95 119
95 121
95 122
95 123
95 124
95 125
95 126
95 127
95 128
95 131
95 132
95 134
95 137
95 141
95 143
95 148
95 149
95 150
95 152
95 154
95 157
95 161
95 169
95 172
95 173
95 175
95 179
95 180
95 181
95 188
95 194
95 196
95 197
95 199
96 98
96 100
96 101
96 102
96 104
96 105
96 109
96 110
96 111
96 113
96 116
96 117
96 119
96 121
96 123
96 125
96 126
96 127
96 129
96 133
96 134
96 138
96 143
96 145
96 148
96 149
96 151
96 153
96 155
96 156
96 157
96 158
96 159
96 160
96 162
96 164
96 166
96 167
96 168
96 171
96 173
96 174
96 177
96 178
96 179
96 181
96 183
96 184
96 186
96 188
96 189
96 191
96 192
96 197
97 99
97 100
97 103
97 104
97 105
97 109
97 110
97 114
97 116
97 117
97 119
97 122
97 125
97 126
97 129
97 131
97 132
97 137
97 138
97 139
97 140
97 142
97 143
97 146
97 147
97 148
97 149
97 150
97 152
97 154
97 155
97 157
97 160
97 161
97 166
97 167
97 170
97 171
97 172
97 173
97 175
97 176
97 178
97 179
97 182
97 185
97 186
97 190
97 191
97 192
97 193
97 195
97 199
98 99
98 100
98 103
98 105
98 107
98 108
98 110
98 111
98 114
98 116
98 117
98 120
98 122
98 125
98 127
98 128
98 130
98 134
98 139
98 140
98 141
98 143
98 149
98 151
98 152
98 155
98 157
98 158
98 161
98 162
98 163
98 164
98 166
98 169
98 174
98 175
98 176
98 178
98 179
98 180
98 182
98 183
98 185
98 186
98 190
98 196
98 197
99 105
99 108
99 109
99 110
99 113
99 114
99 117
99 118
99 119
99 120
99 125
99 126
99 127
99 128
99 130
99 131
99 132
99 140
99 143
99 144
99 145
99 146
99 150
99 151
99 152
99 153
99 154
99 155
99 156
99 159
99 160
99 161
99 162
99 163
99 169
99 170
99 172
99 177
99 178
99 182
99 183
99 185
99 187
99 189
99 190
99 192
99 194
99 196
99 197
99 198
99 199
100 102
100 103
100 104
100 105
100 106
100 108
100 111
100 113
100 114
100 116
100 117
100 121
100 122
100 123
100 124
100 130
100 131
100 133
100 136
100 137
100 138
100 140
100 143
100 144
100 150
100 152
100 153
100 154
100 157
100 161
100 165
100 167
100 168
100 170
100 173
100 176
100 177
100 179
100 181
100 184
100 185
100 188
100 190
100 192
100 197
100 199
101 103
101 104
101 107
101 108
101 109
101 110
101 111
101 112
101 113
101 119
101 120
101 121
101 122
101 123
101 125
101 127
101 128
101 129
101 131
101 133
101 135
101 136
101 140
101 144
101 149
101 151
101 152
101 158
101 159
101 160
101 163
101 164
101 175
101 177
101 178
101 181
101 183
101 184
101 185
101 186
101 187
101 192
101 193
101 198
102 103
102 104
102 105
102 107
102 110
102 111
102 112
102 113
102 117
102 118
102 119
102 120
102 121
102 122
102 123
102 124
102 125
102 126
102 127
102 128
102 133
102 136
102 137
102 140
102 141
102 143
102 144
102 145
102 147
102 148
102 149
102 150
102 151
102 153
102 154
102 155
102 158
102 160
102 161
102 162
102 163
102 165
102 166
102 167
102 168
102 169
102 171
102 172
102 173
102 174
102 175
102 178
102 181
102 185
102 187
102 189
102 190
102 192
102 195
102 196
102 197
102 199
103 110
103 111
103 115
103 120
103 121
103 122
103 124
103 125
103 126
103 133
103 134
103 135
103 137
103 139
103 140
103 142
103 145
103 149
103 150
103 152
103 153
103 155
103 156
103 157
103 159
103 160
103 162
103 163
103 168
103 170
103 171
103 174
103 175
103 178
103 180
103 182
103 183
103 184
103 187
103 188
103 191
103 192
103 195
103 196
103 198
103 199
104 107
104 109
104 113
104 114
104 116
104 124
104 127
104 128
104 129
104 132
104 136
104 139
104 141
104 142
104 145
104 146
104 148
104 149
104 150
104 152
104 155
104 157
104 166
104 167
104 168
104 169
104 172
104 175
104 177
104 179
104 180
104 181
104 182
104 187
104 188
104 190
104 192
104 194
104 197
104 198
105 106
105 107
105 108
105 109
105 112
105 114
105 116
105 122
105 123
105 124
105 125
105 126
105 129
105 130
105 132
105 133
105 134
105 135
105 136
105 137
105 138
105 139
105 141
105 145
105 146
105 147
105 149
105 151
105 154
105 158
105 159
105 160
105 166
105 167
105 168
105 175
105 177
105 178
105 180
105 184
105 187
105 188
105 190
105 191
105 192
105 196
106 107
106 109
106 112
106 113
106 114
106 115
106 116
106 118
106 120
106 121
106 122
106 123
106 129
106 131
106 133
106 136
106 137
106 140
106 141
106 142
106 143
106 144
106 145
106 146
106 148
106 152
106 154
106 155
106 157
106 158
106 159
106 160
106 161
106 165
106 167
106 170
106 172
106 175
106 176
106 177
106 179
106 181
106 182
106 183
106 185
106 186
106 188
106 192
106 194
106 195
106 196
107 108
107 109
107 113
107 114
107 116
107 117
107 118
107 120
107 122
107 123
107 124
107 127
107 129
107 130
107 136
107 137
107 140
107 141
107 146
107 148
107 150
107 152
107 154
107 155
107 156
107 158
107 159
107 160
107 162
107 164
107 165
107 167
107 169
107 170
107 172
107 173
107 175
107 178
107 179
107 181
107 182
107 184
107 185
107 189
107 191
107 195
107 196
107 198
107 199
108 109
108 110
108 111
108 113
108 115
108 117
108 118
108 119
108 121
108 122
108 124
108 125
108 127
108 130
108 131
108 133
108 135
108 136
108 137
108 138
108 141
108 142
108 143
108 144
108 148
108 150
108 151
108 155
108 158
108 159
108 160
108 161
108 162
108 163
108 164
108 166
108 167
108 172
108 174
108 176
108 178
108 180
108 184
108 186
108 189
108 190
108 191
108 192
108 195
108 196
108 198
109 110
109 113
109 117
109 121
109 123
109 127
109 128
109 131
109 132
109 139
109 140
109 141
109 143
109 145
109 146
109 149
109 150
109 151
109 153
109 154
109 155
109 157
109 158
109 160
109 162
109 167
109 175
109 178
109 179
109 180
109 181
109 182
109 183
109 184
109 188
109 189
109 192
109 193
109 196
109 197
109 198
109 199
110 112
110 114
110 115
110 119
110 120
110 121
110 123
110 125
110 127
110 128
110 129
110 130
110 135
110 138
110 139
110 141
110 147
110 148
110 152
110 153
110 155
110 156
110 158
110 161
110 162
110 163
110 165
110 167
110 170
110 172
110 175
110 176
110 177
110 178
110 179
110 181
110 183
110 184
110 185
110 187
110 188
110 189
110 190
110 193
110 197
110 199
111 113
111 114
111 116
111 120
111 121
111 123
111 125
111 127
111 132
111 134
111 135
111 140
111 143
111 144
111 145
111 146
111 153
111 158
111 159
111 160
111 162
111 163
111 164
111 166
111 167
111 170
111 173
111 175
111 177
111 178
111 180
111 181
111 183
111 184
111 186
111 187
111 188
111 194
111 199
112 114
112 116
112 117
112 119
112 120
112 122
112 127
112 128
112 131
112 132
112 133
112 135
112 136
112 137
112 141
112 142
112 143
112 147
112 148
112 149
112 150
112 153
112 155
112 156
112 157
112 159
112 165
112 167
112 168
112 172
112 173
112 174
112 177
112 179
112 180
112 182
112 183
112 185
112 186
112 187
112 189
112 191
112 193
112 194
112 195
112 196
112 199
113 114
113 115
113 116
113 119
113 122
113 123
113 124
113 125
113 126
113 127
113 128
113 129
113 130
113 132
113 134
113 135
113 136
113 138
113 140
113 142
113 143
113 147
113 150
113 151
113 152
113 154
113 155
113 156
113 158
113 162
113 163
113 164
113 166
113 167
113 168
113 169
113 170
113 171
113 175
113 178
113 179
113 183
113 185
113 187
113 189
113 191
113 194
113 195
113 196
113 199
114 115
114 116
114 117
114 119
114 120
114 123
114 126
114 127
114 128
114 132
114 134
114 135
114 136
114 139
114 144
114 147
114 148
114 149
114 151
114 155
114 156
114 157
114 159
114 161
114 163
114 164
114 165
114 166
114 167
114 169
114 170
114 173
114 175
114 176
114 177
114 179
114 180
114 182
114 183
114 184
114 185
114 187
114 188
114 191
114 192
114 194
114 195
114 197
114 199
115 116
115 118
115 119
115 121
115 123
115 127
115 128
115 129
115 130
115 134
115 135
115 136
115 142
115 143
115 145
115 146
115 148
115 149
115 151
115 154
115 160
115 161
115 162
115 164
115 165
115 166
115 168
115 169
115 171
115 172
115 173
115 174
115 176
115 180
115 181
115 182
115 187
115 189
115 190
115 191
115 192
115 196
115 197
115 199
116 119
116 120
116 121
116 122
116 125
116 126
116 135
116 136
116 138
116 143
116 147
116 148
116 150
116 151
116 153
116 154
116 157
116 162
116 163
116 164
116 168
116 171
116 173
116 176
116 178
116 179
116 181
116 184
116 185
116 186
116 187
116 188
116 189
116 190
116 191
116 192
116 195
116 196
116 197
116 198
117 118
117 121
117 122
117 125
117 127
117 130
117 131
117 133
117 136
117 138
117 142
117 144
117 148
117 150
117 151
117 152
117 153
117 154
117 155
117 156
117 157
117 158
117 159
117 161
117 162
117 163
117 168
117 170
117 171
117 172
117 174
117 175
117 182
117 183
117 184
117 185
117 187
117 188
117 191
117 192
117 195
117 197
117 198
118 119
118 120
118 121
118 122
118 125
118 131
118 132
118 133
118 134
118 136
118 137
118 138
118 142
118 147
118 148
118 150
118 152
118 156
118 157
118 160
118 161
118 162
118 163
118 164
118 165
118 167
118 168
118 169
118 171
118 172
118 174
118 179
118 181
118 183
118 184
118 185
118 186
118 188
118 190
118 195
118 199
119 126
119 128
119 129
119 130
119 131
119 132
119 133
119 137
119 141
119 142
119 144
119 145
119 147
119 148
119 150
119 157
119 160
119 161
119 162
119 165
119 166
119 167
119 169
119 172
119 175
119 178
119 179
119 182
119 183
119 184
119 187
119 189
119 193
119 194
119 195
119 196
119 199
120 122
120 125
120 126
120 127
120 128
120 129
120 135
120 136
120 139
120 140
120 143
120 148
120 149
120 150
120 152
120 156
120 158
120 159
120 160
120 163
120 168
120 169
120 170
120 172
120 176
120 177
120 180
120 182
120 185
120 187
120 190
120 191
120 193
120 196
120 197
120 199
121 122
121 123
121 125
121 127
121 129
121 130
121 132
121 133
121 134
121 136
121 137
121 138
121 139
121 141
121 142
121 143
121 146
121 147
121 149
121 150
121 151
121 154
121 155
121 157
121 158
121 159
121 163
121 165
121 166
121 170
121 171
121 172
121 173
121 174
121 178
121 179
121 181
121 182
121 183
121 189
121 190
121 191
121 194
121 195
121 198
122 123
122 125
122 130
122 133
122 135
122 140
122 141
122 142
122 143
122 144
122 146
122 147
122 148
122 151
122 156
122 159
122 161
122 167
122 168
122 169
122 172
122 173
122 176
122 178
122 179
122 181
122 182
122 183
122 184
122 186
122 188
122 196
122 198
122 199
123 126
123 127
123 129
123 131
123 133
123 134
123 137
123 138
123 139
123 140
123 142
123 143
123 145
123 146
123 148
123 149
123 151
123 152
123 154
123 155
123 162
123 163
123 170
123 171
123 172
123 174
123 179
123 181
123 182
123 183
123 184
123 185
123 186
123 192
123 193
123 197
124 132
124 137
124 138
124 141
124 143
124 144
124 145
124 147
124 148
124 149
124 150
124 151
124 153
124 154
124 156
124 157
124 162
124 163
124 164
124 167
124 168
124 170
124 171
124 172
124 174
124 178
124 180
124 183
124 184
124 185
124 186
124 190
124 191
124 192
124 194
124 197
125 126
125 128
125 129
125 130
125 134
125 136
125 137
125 140
125 142
125 144
125 149
125 150
125 151
125 153
125 154
125 155
125 156
125 160
125 162
125 163
125 165
125 166
125 168
125 171
125 172
125 175
125 177
125 179
125 181
125 182
125 183
125 187
125 189
125 190
125 192
125 194
125 195
125 197
125 199
126 127
126 128
126 130
126 133
126 136
126 138
126 139
126 140
126 143
126 144
126 146
126 147
126 149
126 152
126 153
126 154
126 157
126 158
126 159
126 160
126 161
126 162
126 163
126 164
126 167
126 168
126 169
126 170
126 174
126 176
126 177
126 178
126 181
126 183
126 185
126 187
126 189
126 191
126 194
126 196
126 198
126 199
127 131
127 132
127 134
127 137
127 138
127 139
127 142
127 144
127 145
127 146
127 147
127 148
127 149
127 151
127 155
127 156
127 157
127 158
127 159
127 160
127 161
127 165
127 166
127 167
127 170
127 171
127 173
127 175
127 176
127 177
127 179
127 180
127 182
127 184
127 188
127 189
127 190
127 191
127 195
127 197
127 199
128 129
128 130
128 132
128 133
128 134
128 137
128 138
128 140
128 142
128 144
128 146
128 147
128 150
128 151
128 153
128 154
128 156
128 157
128 158
128 164
128 167
128 169
128 170
128 171
128 172
128 173
128 176
128 177
128 178
128 179
128 180
128 181
128 182
128 186
128 187
128 189
128 190
128 191
128 192
128 194
128 198
129 131
129 136
129 137
129 138
129 139
129 140
129 142
129 143
129 146
129 149
129 151
129 152
129 155
129 158
129 162
129 163
129 166
129 167
129 169
129 171
129 176
129 181
129 186
129 195
129 196
129 197
130 131
130 133
130 138
130 140
130 143
130 144
130 145
130 146
130 147
130 151
130 154
130 155
130 161
130 162
130 163
130 164
130 165
130 166
130 173
130 176
130 177
130 178
130 179
130 181
130 184
130 187
130 190
130 191
130 192
130 196
130 197
130 198
130 199
131 132
131 136
131 138
131 142
131 143
131 144
131 146
131 147
131 148
131 150
131 151
131 152
131 154
131 156
131 158
131 159
131 160
131 161
131 162
131 165
131 166
131 170
131 171
131 172
131 175
131 177
131 180
131 182
131 183
131 184
131 189
131 191
131 192
131 198
132 135
132 137
132 138
132 139
132 144
132 145
132 149
132 150
132 151
132 152
132 157
132 159
132 160
132 161
132 165
132 166
132 167
132 169
132 170
132 172
132 174
132 175
132 176
132 177
132 179
132 181
132 182
132 184
132 186
132 192
132 193
132 196
132 197
133 134
133 135
133 137
133 138
133 141
133 143
133 144
133 147
133 149
133 150
133 151
133 154
133 156
133 157
133 158
133 164
133 166
133 168
133 173
133 174
133 178
133 181
133 182
133 184
133 190
133 193
133 195
133 198
134 135
134 138
134 141
134 143
134 145
134 146
134 149
134 150
134 153
134 155
134 158
134 162
134 165
134 167
134 169
134 176
134 177
134 178
134 179
134 180
134 181
134 182
134 183
134 184
134 185
134 186
134 187
134 188
134 189
134 191
134 192
134 195
134 196
134 197
134 199
135 136
135 137
135 138
135 139
135 143
135 146
135 148
135 149
135 151
135 152
135 153
135 157
135 158
135 159
135 160
135 162
135 163
135 164
135 166
135 167
135 168
135 169
135 170
135 171
135 172
135 180
135 181
135 184
135 185
135 186
135 187
135 188
135 189
135 190
135 191
135 194
135 198
136 139
136 142
136 143
136 145
136 146
136 147
136 149
136 151
136 152
136 154
136 156
136 157
136 158
136 159
136 160
136 161
136 163
136 166
136 170
136 175
136 177
136 178
136 181
136 183
136 184
136 187
136 188
136 190
136 194
136 195
136 196
136 197
137 138
137 139
137 140
137 142
137 143
137 144
137 149
137 153
137 155
137 156
137 160
137 161
137 163
137 166
137 167
137 168
137 169
137 170
137 171
137 176
137 177
137 184
137 185
137 186
137 189
137 190
137 191
137 193
138 140
138 143
138 146
138 147
138 148
138 151
138 153
138 155
138 159
138 160
138 163
138 166
138 169
138 173
138 174
138 175
138 179
138 180
138 186
138 189
138 190
138 192
138 194
138 199
139 140
139 141
139 143
139 144
139 146
139 150
139 151
139 152
139 154
139 155
139 156
139 157
139 158
139 159
139 163
139 164
139 166
139 167
139 170
139 174
139 182
139 183
139 184
139 186
139 187
139 188
139 189
139 190
139 192
139 194
139 196
140 142
140 148
140 149
140 150
140 151
140 152
140 153
140 154
140 155
140 156
140 157
140 158
140 159
140 160
140 161
140 164
140 166
140 167
140 168
140 169
140 170
140 171
140 172
140 173
140 174
140 175
140 179
140 181
140 182
140 183
140 185
140 187
140 188
140 190
140 193
140 195
140 197
141 142
141 144
141 145
141 148
141 149
141 151
141 152
141 153
141 154
141 155
141 156
141 159
141 160
141 161
141 163
141 169
141 171
141 172
141 175
141 178
141 184
141 187
141 189
141 190
141 192
141 194
141 198
142 144
142 145
142 146
142 147
142 149
142 151
142 152
142 153
142 160
142 166
142 167
142 168
142 169
142 170
142 171
142 174
142 176
142 178
142 179
142 180
142 185
142 189
142 190
142 191
142 194
142 196
142 198
142 199
143 145
143 150
143 151
143 152
143 154
143 159
143 164
143 167
143 168
143 174
143 175
143 176
143 179
143 181
143 184
143 187
143 189
143 190
143 191
143 195
143 196
144 145
144 146
144 148
144 151
144 152
144 154
144 155
144 158
144 163
144 164
144 165
144 167
144 168
144 169
144 170
144 171
144 172
144 176
144 177
144 178
144 180
144 181
144 188
144 190
144 192
144 193
144 194
144 196
145 147
145 148
145 151
145 152
145 153
145 154
145 155
145 156
145 158
145 159
145 160
145 163
145 164
145 166
145 169
145 170
145 171
145 173
145 174
145 176
145 179
145 180
145 181
145 183
145 185
145 188
145 190
145 191
145 194
145 195
145 197
145 198
146 148
146 151
146 152
146 158
146 159
146 162
146 163
146 164
146 165
146 171
146 172
146 177
146 178
146 179
146 181
146 183
146 188
146 189
146 192
146 196
146 197
147 148
147 149
147 150
147 151
147 154
147 156
147 157
147 162
147 164
147 168
147 169
147 172
147 176
147 183
147 186
147 187
147 188
147 189
147 191
147 194
147 197
148 149
148 152
148 153
148 155
148 156
148 162
148 163
148 165
148 166
148 169
148 171
148 172
148 173
148 175
148 176
148 177
148 178
148 179
148 180
148 184
148 185
148 186
148 189
148 191
148 193
148 195
148 198
149 153
149 156
149 158
149 161
149 162
149 164
149 170
149 174
149 177
149 179
149 180
149 182
149 184
149 185
149 191
149 192
149 193
149 196
149 197
150 153
150 156
150 160
150 165
150 166
150 168
150 169
150 170
150 171
150 173
150 174
150 175
150 176
150 177
150 178
150 179
150 181
150 182
150 183
150 184
150 186
150 187
150 188
150 190
150 192
150 195
150 196
150 197
150 198
150 199
151 152
151 153
151 154
151 156
151 162
151 166
151 169
151 172
151 176
151 178
151 179
151 181
151 182
151 187
151 189
151 194
151 196
151 197
151 199
152 153
152 154
152 157
152 158
152 159
152 160
152 162
152 165
152 166
152 167
152 168
152 170
152 172
152 173
152 174
152 176
152 178
152 182
152 183
152 187
152 189
152 190
152 196
152 198
153 154
153 157
153 159
153 160
153 164
153 166
153 170
153 171
153 172
153 173
153 175
153 176
153 177
153 181
153 183
153 184
153 185
153 187
153 188
153 190
153 191
153 195
153 196
154 155
154 158
154 160
154 164
154 167
154 171
154 173
154 178
154 179
154 181
154 182
154 185
154 189
154 191
154 192
154 193
154 194
154 195
154 196
154 198
155 157
155 158
155 159
155 161
155 165
155 170
155 171
155 172
155 173
155 174
155 177
155 182
155 183
155 187
155 188
155 193
155 194
155 196
155 199
156 159
156 160
156 162
156 169
156 174
156 175
156 177
156 179
156 181
156 182
156 183
156 187
156 188
156 195
156 196
157 159
157 160
157 161
157 162
157 164
157 165
157 166
157 171
157 173
157 176
157 179
157 184
157 185
157 186
157 187
157 188
157 192
157 193
157 196
157 197
157 199
158 159
158 160
158 163
158 164
158 165
158 166
158 167
158 170
158 171
158 172
158 173
158 176
158 179
158 181
158 182
158 185
158 186
158 188
158 190
158 192
158 194
158 196
159 160
159 161
159 163
159 165
159 166
159 167
159 169
159 170
159 175
159 176
159 177
159 178
159 179
159 181
159 184
159 187
159 188
159 190
159 192
159 193
159 194
159 195
159 196
159 198
159 199
160 161
160 162
160 163
160 164
160 168
160 170
160 171
160 173
160 174
160 175
160 179
160 180
160 182
160 185
160 187
160 190
160 191
160 192
160 197
160 198
160 199
161 163
161 165
161 166
161 167
161 169
161 171
161 174
161 175
161 178
161 179
161 181
161 183
161 184
161 185
161 186
161 187
161 189
161 191
161 192
161 193
161 194
161 195
161 196
161 197
161 199
162 166
162 168
162 171
162 172
162 177
162 178
162 180
162 182
162 183
162 185
162 189
162 194
162 195
162 197
162 198
163 166
163 169
163 171
163 172
163 173
163 174
163 175
163 178
163 180
163 182
163 183
163 188
163 193
163 194
163 195
163 197
163 198
164 170
164 173
164 175
164 178
164 179
164 180
164 181
164 182
164 183
164 184
164 186
164 187
164 188
164 190
164 191
164 192
164 193
164 194
164 199
165 169
165 171
165 173
165 181
165 182
165 189
165 194
165 195
165 199
166 168
166 169
166 171
166 172
166 173
166 175
166 176
166 177
166 179
166 182
166 184
166 186
166 188
166 194
166 195
166 196
166 197
166 198
167 172
167 173
167 175
167 176
167 178
167 179
167 181
167 183
167 185
167 186
167 187
167 195
167 196
167 198
168 169
168 170
168 174
168 175
168 180
168 181
168 182
168 183
168 184
168 186
168 187
168 188
168 190
168 192
168 195
168 197
168 198
168 199
169 174
169 175
169 176
169 177
169 178
169 180
169 181
169 183
169 184
169 185
169 189
169 192
169 193
169 197
169 199
170 172
170 175
170 176
170 177
170 179
170 182
170 184
170 185
170 186
170 188
170 189
170 191
170 192
170 196
171 173
171 175
171 176
171 179
171 183
171 187
171 188
171 190
171 194
171 198
172 174
172 176
172 177
172 178
172 181
172 182
172 183
172 186
172 188
172 192
172 193
172 194
172 195
172 196
172 197
173 183
173 185
173 186
173 190
173 194
173 197
174 175
174 180
174 181
174 182
174 183
174 185
174 187
174 188
174 189
174 190
174 193
174 194
174 195
174 196
175 176
175 177
175 178
175 179
175 180
175 185
175 187
175 188
175 192
175 193
175 196
175 198
175 199
176 179
176 181
176 182
176 183
176 185
176 187
176 188
176 191
176 193
176 197
176 199
177 178
177 179
177 180
177 184
177 185
177 186
177 188
177 189
177 190
177 191
177 192
177 193
177 196
177 197
178 179
178 180
178 184
178 185
178 187
178 189
178 191
178 193
178 196
178 198
179 180
179 181
179 183
179 184
179 185
179 188
179 189
179 192
179 193
179 194
179 196
179 197
179 198
179 199
180 183
180 189
180 193
180 195
180 198
180 199
181 182
181 185
181 186
181 187
181 188
181 189
181 194
181 198
181 199
182 183
182 184
182 185
182 186
182 188
182 190
182 192
182 193
182 194
182 199
183 184
183 190
183 194
183 195
183 196
183 197
184 185
184 191
184 193
184 197
184 198
185 186
185 189
185 191
185 193
185 197
185 198
186 187
186 189
186 193
186 195
186 196
186 197
187 188
187 191
187 195
187 197
188 190
188 194
188 199
189 192
189 193
189 195
189 196
189 198
190 192
190 197
190 198
191 192
191 193
191 194
192 193
192 198
192 199
193 194
193 196
194 195
194 196
194 197
194 198
194 199
195 196
196 197
196 198
197 198
198 199