200
1948
0 0.13
1 0.62
2 0.63
3 0.17
4 0.36
5 0.47
6 0.30
7 0.25
8 0.60
9 0.21
10 0.54
11 0.21
12 0.02
13 0.87
14 0.09
15 0.16
16 0.68
17 0.32
18 0.62
19 0.53
20 0.13
21 0.55
22 0.33
23 0.49
24 0.79
25 0.78
26 0.48
27 0.73
28 0.19
29 0.04
30 0.48
31 0.39
32 0.21
33 0.21
34 0.22
35 0.03
36 0.33
37 0.53
38 0.50
39 0.89
40 0.85
41 0.94
42 0.70
43 0.69
44 0.29
45 0.11
46 0.41
47 0.72
48 0.72
49 0.48
50 0.23
51 0.19
52 0.65
53 0.46
54 0.68
55 0.42
56 0.96
57 0.15
58 0.57
59 0.09
60 0.29
61 0.55
62 0.83
63 0.47
64 0.38
65 0.50
66 0.33
67 0.62
68 0.90
69 0.56
70 0.83
71 0.04
72 0.35
73 0.58
74 0.02
75 0.81
76 0.32
77 0.96
78 0.27
79 0.21
80 0.74
81 0.49
82 0.26
83 0.43
84 0.97
85 0.20
86 0.25
87 0.73
88 0.39
89 0.50
90 0.93
91 0.19
92 0.76
93 0.00
94 0.79
95 0.84
96 0.62
97 0.60
98 0.63
99 0.99
100 0.59
101 0.62
102 0.65
103 0.45
104 0.52
105 0.79
106 0.51
107 0.60
108 0.61
109 0.77
110 0.93
111 0.28
112 0.89
113 0.82
114 0.26
115 0.28
116 0.05
117 0.20
118 0.51
119 0.31
120 0.38
121 0.28
122 0.96
123 0.95
124 0.63
125 0.87
126 0.30
127 0.85
128 0.78
129 0.62
130 0.81
131 0.06
132 0.00
133 0.31
134 0.21
135 0.34
136 0.90
137 0.48
138 0.79
139 0.77
140 0.90
141 0.24
142 0.18
143 0.28
144 0.19
145 0.16
146 0.81
147 0.30
148 0.63
149 0.70
150 0.73
151 0.16
152 0.19
153 0.24
154 0.72
155 0.71
156 0.89
157 0.23
158 0.53
159 0.12
160 0.86
161 0.96
162 0.53
163 0.78
164 0.04
165 0.40
166 0.94
167 0.37
168 0.52
169 0.19
170 0.51
171 0.84
172 0.03
173 0.74
174 0.70
175 0.76
176 0.96
177 0.21
178 0.69
179 0.86
180 0.07
181 0.32
182 0.04
183 0.99
184 0.75
185 0.06
186 0.88
187 0.72
188 0.03
189 0.45
190 0.50
191 0.12
192 0.03
193 0.74
194 0.73
195 0.21
196 0.61
197 0.35
198 0.04
199 0.51
0 1
0 6
0 20
0 28
0 29
0 30
0 31
0 38
0 49
0 52
0 57
0 60
0 73
0 97
0 99
0 114
0 115
0 118
0 119
0 120
0 122
0 124
0 137
0 169
0 186
0 188
0 195
0 197
1 6
1 8
1 21
1 25
1 27
1 42
1 64
1 68
1 70
1 76
1 80
1 84
1 97
1 106
1 122
1 130
1 131
1 146
1 166
1 176
1 181
1 184
1 193
2 25
2 32
2 34
2 36
2 49
2 77
2 89
2 94
2 98
2 116
2 119
2 124
2 125
2 135
2 137
2 160
2 172
2 175
2 185
3 19
3 24
3 35
3 41
3 42
3 59
3 67
3 78
3 80
3 90
3 100
3 101
3 103
3 113
3 120
3 121
3 130
3 137
3 155
3 160
3 161
3 196
3 199
4 11
4 20
4 22
4 26
4 30
4 34
4 57
4 62
4 75
4 77
4 78
4 95
4 98
4 130
4 141
4 142
4 175
4 177
5 9
5 14
5 30
5 38
5 55
5 71
5 96
5 97
5 98
5 124
5 133
5 139
5 146
5 154
5 165
5 175
5 185
5 192
6 15
6 41
6 51
6 84
6 85
6 87
6 92
6 124
6 146
6 150
6 168
6 198
7 10
7 18
7 45
7 50
7 65
7 91
7 96
7 103
7 109
7 117
7 138
7 141
7 151
7 155
7 173
7 183
7 188
7 195
7 196
7 198
8 31
8 39
8 55
8 66
8 71
8 86
8 99
8 103
8 117
8 124
8 130
8 139
8 143
8 145
8 163
8 172
8 179
8 183
8 185
9 13
9 14
9 31
9 46
9 48
9 52
9 70
9 73
9 134
9 141
9 144
9 146
9 148
9 159
9 199
10 15
10 17
10 26
10 46
10 65
10 75
10 82
10 98
10 114
10 117
10 132
10 133
10 155
10 159
10 166
10 178
10 192
10 195
11 12
11 37
11 43
11 61
11 65
11 73
11 82
11 103
11 145
11 151
11 166
11 195
12 26
12 31
12 60
12 68
12 69
12 76
12 80
12 85
12 86
12 89
12 102
12 118
12 123
12 143
12 144
12 149
12 154
12 176
12 181
13 25
13 31
13 46
13 47
13 55
13 60
13 81
13 97
13 131
13 141
13 143
13 144
13 147
13 165
13 187
13 191
14 18
14 20
14 48
14 55
14 58
14 61
14 66
14 69
14 70
14 75
14 80
14 92
14 95
14 99
14 102
14 147
14 151
14 174
14 176
14 183
14 192
14 197
15 31
15 38
15 44
15 46
15 51
15 57
15 60
15 89
15 92
15 93
15 97
15 102
15 108
15 110
15 112
15 120
15 122
15 123
15 132
15 138
15 139
15 164
15 167
15 170
15 177
16 25
16 32
16 36
16 55
16 58
16 71
16 74
16 78
16 82
16 122
16 133
16 136
16 137
16 140
16 145
16 149
16 151
16 154
16 190
17 27
17 35
17 42
17 52
17 61
17 117
17 119
17 137
17 153
17 193
17 198
18 36
18 55
18 56
18 64
18 69
18 71
18 77
18 100
18 103
18 104
18 118
18 120
18 127
18 130
18 134
18 138
18 149
18 153
18 154
18 155
18 166
18 174
19 25
19 29
19 43
19 46
19 62
19 72
19 78
19 80
19 85
19 96
19 126
19 128
19 136
19 144
19 151
19 163
19 182
20 35
20 63
20 66
20 87
20 93
20 113
20 116
20 133
20 137
20 156
20 157
20 193
21 27
21 35
21 44
21 56
21 96
21 144
21 155
21 192
21 195
21 197
22 23
22 26
22 33
22 35
22 36
22 37
22 71
22 81
22 83
22 91
22 108
22 109
22 111
22 132
22 165
22 177
22 180
22 189
22 196
23 25
23 26
23 63
23 68
23 98
23 99
23 133
23 142
23 157
23 163
23 166
23 168
23 181
23 189
23 191
23 198
24 30
24 40
24 48
24 83
24 99
24 114
24 122
24 143
24 146
24 152
24 186
24 193
24 194
25 38
25 39
25 40
25 49
25 71
25 83
25 84
25 89
25 93
25 95
25 100
25 117
25 123
25 124
25 155
25 170
25 183
25 189
26 44
26 53
26 98
26 107
26 111
26 137
26 149
26 154
26 156
26 167
27 33
27 63
27 72
27 88
27 93
27 94
27 123
27 126
27 127
27 144
27 155
27 161
27 164
27 172
27 178
27 180
27 186
27 197
28 29
28 48
28 50
28 63
28 70
28 77
28 79
28 100
28 112
28 130
28 134
28 149
28 153
28 158
28 172
28 184
28 195
29 38
29 51
29 52
29 53
29 63
29 88
29 92
29 97
29 108
29 111
29 113
29 114
29 122
29 133
29 139
29 153
29 162
29 187
29 190
29 195
30 44
30 45
30 51
30 61
30 121
30 122
30 125
30 162
30 179
30 189
31 32
31 61
31 77
31 92
31 94
31 103
31 130
31 143
31 149
31 182
31 188
31 189
32 34
32 46
32 48
32 50
32 63
32 65
32 70
32 77
32 92
32 104
32 111
32 128
32 131
32 136
32 141
32 144
32 148
32 162
32 184
32 188
32 195
33 35
33 54
33 57
33 63
33 64
33 75
33 82
33 93
33 118
33 120
33 122
33 135
33 138
33 141
33 142
33 158
33 160
33 161
33 164
33 165
33 166
33 184
33 194
34 44
34 45
34 46
34 61
34 66
34 74
34 79
34 85
34 102
34 106
34 109
34 125
34 132
34 147
34 193
35 38
35 40
35 46
35 53
35 61
35 75
35 87
35 110
35 112
35 113
35 131
35 140
35 152
35 174
35 178
35 187
35 194
36 40
36 51
36 56
36 63
36 96
36 101
36 132
36 134
36 138
36 165
36 174
36 178
36 179
36 186
37 42
37 45
37 59
37 62
37 66
37 72
37 94
37 121
37 143
37 147
37 168
37 182
37 183
37 197
38 41
38 62
38 64
38 72
38 74
38 82
38 83
38 89
38 103
38 112
38 114
38 121
38 135
38 159
38 160
38 163
38 186
39 43
39 47
39 70
39 80
39 85
39 112
39 117
39 129
39 134
39 153
39 157
39 178
39 196
40 55
40 56
40 60
40 89
40 104
40 120
40 134
40 152
40 161
40 173
40 182
40 191
40 198
41 48
41 53
41 64
41 76
41 78
41 127
41 142
41 147
41 164
41 173
41 175
42 48
42 52
42 59
42 60
42 77
42 78
42 82
42 116
42 117
42 122
42 132
42 144
42 166
42 174
42 177
42 195
43 50
43 53
43 59
43 67
43 79
43 83
43 86
43 91
43 131
43 138
43 144
43 150
43 159
43 160
43 163
43 176
43 179
44 48
44 50
44 54
44 75
44 87
44 95
44 101
44 116
44 123
44 139
44 146
44 149
44 153
44 161
44 179
45 55
45 65
45 73
45 83
45 115
45 121
45 124
45 128
45 144
45 149
45 166
45 168
45 177
45 179
45 194
46 56
46 69
46 75
46 76
46 114
46 117
46 134
46 166
46 172
46 188
47 55
47 57
47 58
47 76
47 80
47 85
47 110
47 111
47 116
47 124
47 126
47 135
47 139
47 153
47 162
47 163
47 176
47 182
47 198
48 58
48 59
48 60
48 66
48 79
48 92
48 99
48 107
48 108
48 124
48 125
48 131
48 133
48 140
48 150
48 151
48 176
48 188
48 190
48 196
49 54
49 56
49 62
49 70
49 74
49 76
49 80
49 100
49 116
49 121
49 140
49 150
49 155
49 157
49 168
49 185
49 194
50 55
50 66
50 76
50 99
50 109
50 113
50 130
50 131
50 152
50 157
50 164
50 181
50 183
51 57
51 88
51 115
51 118
51 127
51 129
51 134
51 161
51 167
51 182
52 58
52 72
52 81
52 91
52 99
52 101
52 111
52 121
52 128
52 131
52 149
52 154
52 164
52 167
52 183
52 196
52 197
53 58
53 59
53 79
53 92
53 93
53 113
53 121
53 126
53 136
53 145
53 152
53 174
53 187
54 60
54 63
54 74
54 75
54 81
54 92
54 94
54 124
54 150
55 58
55 80
55 87
55 116
55 122
55 130
55 134
55 149
55 156
55 159
55 173
55 184
55 186
55 188
55 189
55 197
56 62
56 67
56 70
56 74
56 79
56 89
56 119
56 127
56 129
56 131
56 153
56 190
57 77
57 78
57 97
57 100
57 123
57 125
57 134
57 138
57 145
57 147
57 149
57 151
57 154
57 162
57 167
57 168
57 182
57 186
57 195
58 60
58 73
58 76
58 80
58 85
58 93
58 99
58 121
58 129
58 130
58 132
58 141
58 142
58 147
58 159
58 163
58 165
58 192
58 196
59 60
59 67
59 86
59 93
59 95
59 97
59 117
59 126
59 136
59 141
59 166
59 178
59 184
59 190
59 191
59 192
60 83
60 88
60 96
60 100
60 142
60 151
60 162
60 164
60 178
60 182
60 184
60 193
61 62
61 78
61 85
61 90
61 126
61 133
61 136
61 142
61 150
61 152
61 158
61 164
61 168
61 173
61 175
61 187
61 192
61 196
62 71
62 74
62 108
62 114
62 117
62 124
62 136
62 147
62 150
62 161
62 164
62 176
62 177
62 190
63 71
63 77
63 80
63 86
63 87
63 96
63 99
63 121
63 123
63 147
63 162
63 164
63 175
63 186
63 194
63 197
64 73
64 90
64 94
64 97
64 131
64 132
64 135
64 137
64 153
64 167
64 171
64 176
65 66
65 81
65 86
65 88
65 94
65 95
65 106
65 124
65 126
65 136
65 163
65 181
65 195
66 70
66 76
66 83
66 92
66 93
66 101
66 104
66 116
66 118
66 140
66 145
66 150
66 170
66 173
66 174
66 176
66 185
66 191
66 196
66 198
67 69
67 81
67 82
67 119
67 121
67 127
67 136
67 138
67 160
67 179
67 190
67 193
67 198
68 78
68 79
68 80
68 83
68 87
68 93
68 99
68 101
68 107
68 109
68 110
68 113
68 116
68 123
68 129
68 138
68 146
68 148
68 167
68 183
68 189
69 123
69 126
69 142
69 148
69 154
69 155
69 159
69 177
69 193
70 77
70 89
70 90
70 93
70 97
70 107
70 112
70 140
70 154
70 160
70 166
70 179
70 194
70 197
71 90
71 96
71 136
71 139
71 154
71 155
71 164
71 169
71 189
71 190
72 75
72 89
72 183
73 87
73 94
73 101
73 108
73 112
73 115
73 118
73 126
73 133
73 190
74 93
74 94
74 104
74 120
74 136
74 150
74 154
74 168
74 175
74 178
74 190
74 193
74 195
74 197
75 80
75 85
75 96
75 104
75 145
75 157
75 161
75 174
75 180
76 82
76 99
76 100
76 119
76 123
76 124
76 129
76 139
76 150
76 176
77 82
77 88
77 99
77 144
77 148
77 164
77 165
77 176
77 189
78 80
78 91
78 94
78 100
78 107
78 110
78 123
78 137
78 138
78 148
78 151
78 156
78 165
78 188
78 190
79 98
79 100
79 112
79 113
79 115
79 123
79 157
79 164
79 165
79 178
79 185
80 81
80 88
80 128
80 131
80 132
80 139
80 166
80 169
80 170
80 184
80 192
80 194
81 106
81 111
81 112
81 130
81 136
81 178
81 182
81 183
81 187
81 195
81 198
82 88
82 93
82 102
82 111
82 136
82 164
82 175
82 188
82 191
83 88
83 134
83 153
83 176
83 191
83 194
84 100
84 104
84 112
84 116
84 123
84 132
84 144
84 172
84 189
85 98
85 130
85 150
85 170
85 191
85 195
86 105
86 115
86 119
86 124
86 127
86 137
86 146
86 158
86 180
86 193
87 91
87 93
87 94
87 111
87 114
87 130
87 132
87 141
87 144
87 173
87 178
88 92
88 112
88 128
88 132
88 142
88 145
88 148
88 153
88 158
88 171
88 174
88 176
89 91
89 133
89 136
89 159
89 166
89 183
90 97
90 124
90 127
90 150
90 160
90 180
90 187
91 97
91 102
91 103
91 108
91 117
91 126
91 138
91 154
91 156
91 159
91 169
91 180
91 188
92 100
92 134
92 135
92 139
92 180
92 189
92 196
93 113
93 119
93 123
93 135
93 141
93 155
93 157
93 162
93 167
93 179
93 183
93 193
93 195
94 98
94 119
94 134
94 137
94 138
94 151
94 152
94 153
94 155
94 168
94 170
94 174
94 194
95 100
95 103
95 106
95 107
95 109
95 168
95 177
96 97
96 102
96 112
96 118
96 136
96 154
96 164
96 169
96 175
96 179
96 183
96 186
96 189
96 193
97 116
97 128
97 130
97 136
97 146
97 167
97 194
98 107
98 115
98 118
98 127
98 138
98 151
98 152
98 157
98 161
98 172
98 175
98 193
98 195
99 116
99 149
99 157
99 175
99 180
99 184
99 187
100 102
100 131
100 132
100 140
100 141
100 145
100 151
100 154
100 162
100 170
100 185
100 186
100 190
100 199
101 106
101 108
101 113
101 123
101 124
101 129
101 134
101 139
101 140
101 161
101 185
101 194
101 196
102 108
102 116
102 122
102 126
102 128
102 132
102 143
102 146
102 147
102 155
102 163
102 173
102 196
103 107
103 109
103 133
103 138
103 153
103 158
103 159
103 177
103 180
103 184
103 189
104 106
104 143
104 145
104 146
104 152
104 153
104 161
104 182
105 122
105 131
105 134
105 149
105 169
105 170
105 180
105 192
105 195
105 197
106 121
106 149
106 154
106 164
106 169
106 172
106 174
106 189
106 190
107 109
107 126
107 172
107 188
108 140
108 157
108 158
108 185
108 189
109 134
109 144
109 155
109 162
109 168
109 190
109 192
110 134
110 140
110 151
110 193
111 116
111 120
111 142
111 149
111 157
111 158
112 116
112 119
112 121
112 134
112 136
112 147
112 158
112 160
112 169
112 170
112 190
113 118
113 123
113 155
113 174
113 191
113 194
114 139
114 143
114 151
114 163
114 178
115 116
115 123
115 125
115 133
115 136
115 146
115 151
115 155
115 157
115 175
115 181
115 182
115 186
115 192
116 123
116 135
116 136
116 138
116 148
116 161
116 182
116 184
116 199
117 139
117 142
117 157
117 160
117 193
117 197
118 120
118 137
118 152
118 154
118 173
118 176
118 181
118 183
118 186
118 191
118 193
119 131
119 134
119 136
119 145
119 153
119 175
119 190
119 195
120 128
120 129
120 134
120 141
120 159
120 185
120 189
120 197
121 129
121 134
121 136
121 138
121 142
121 150
121 153
121 169
121 174
121 195
121 197
122 145
122 156
122 157
122 158
122 174
122 178
123 130
123 131
123 154
123 157
123 173
123 184
123 185
123 187
124 130
124 131
124 135
124 155
124 159
124 165
124 191
124 195
124 196
125 126
125 138
125 146
125 147
125 169
125 190
126 128
126 157
126 166
126 179
126 180
127 129
127 135
127 138
127 142
127 144
127 147
127 149
127 160
127 169
127 178
127 179
127 180
127 189
128 132
128 141
128 159
128 173
128 194
129 138
129 144
129 145
129 147
129 185
129 186
129 196
130 134
130 149
130 152
130 154
130 158
130 159
130 160
130 165
130 167
130 191
131 149
131 154
131 157
131 168
131 191
131 192
132 134
132 145
132 168
132 169
132 174
132 179
132 188
132 189
132 192
132 193
133 138
133 139
133 143
133 144
133 161
133 169
133 196
134 135
134 152
134 165
134 181
135 143
135 144
135 145
135 150
135 165
135 168
135 185
135 193
135 196
135 197
136 151
136 167
136 184
136 192
137 140
137 148
137 149
137 173
137 179
137 184
137 185
137 196
137 198
137 199
138 156
138 158
138 159
138 164
138 171
138 177
138 181
139 168
139 185
139 187
139 188
139 196
139 197
140 144
140 147
140 153
140 165
140 179
140 184
140 186
140 189
140 191
141 156
141 159
141 161
141 173
141 179
141 182
141 183
141 184
142 144
142 170
142 183
142 184
143 152
143 153
143 159
143 165
143 166
143 186
143 187
143 197
144 156
144 158
144 166
144 167
144 176
144 177
144 178
145 151
145 156
145 161
145 167
145 170
145 171
145 177
145 184
146 148
146 150
146 163
146 166
146 186
146 191
146 197
147 148
147 149
147 151
147 152
147 160
147 173
147 177
147 188
148 149
148 154
148 170
148 180
148 182
148 186
149 154
149 156
149 174
149 178
149 191
149 193
150 158
150 162
150 165
150 167
150 180
151 160
151 172
151 179
152 161
152 166
152 196
153 160
153 170
153 172
153 173
153 182
153 186
153 189
153 192
154 155
154 178
154 185
154 188
154 189
155 170
155 181
156 192
156 194
157 195
158 185
158 188
158 190
159 160
159 161
159 184
160 169
160 172
160 173
160 178
160 186
160 196
160 197
160 198
161 168
161 176
161 194
162 172
162 176
162 184
163 164
163 169
164 174
164 178
164 188
165 179
165 183
165 184
165 186
166 167
166 170
167 174
167 182
167 188
167 192
168 177
168 199
169 190
169 195
169 197
170 171
170 172
170 182
171 174
171 178
171 182
171 197
172 179
172 194
172 196
173 174
173 180
173 182
173 195
174 179
174 185
174 186
174 193
174 197
175 188
175 193
176 177
176 186
176 195
177 188
177 191
177 193
178 190
178 191
178 197
179 183
179 185
179 193
179 196
180 186
180 188
180 192
180 196
181 183
181 184
181 195
182 194
182 197
183 193
183 194
185 190
188 189
188 192
189 197
190 193
191 199
193 195
193 197
194 196