150
5584
0 0.31
1 0.84
2 0.44
3 0.84
4 0.07
5 0.97
6 0.48
7 0.86
8 0.77
9 0.44
10 0.92
11 0.47
12 0.24
13 0.40
14 0.59
15 0.54
16 0.35
17 0.63
18 0.70
19 0.78
20 0.48
21 0.17
22 0.39
23 0.72
24 0.82
25 0.07
26 0.07
27 0.67
28 0.96
29 0.62
30 0.62
31 0.89
32 0.40
33 0.42
34 0.71
35 0.26
36 0.57
37 0.07
38 0.64
39 0.74
40 0.15
41 0.39
42 0.11
43 0.69
44 0.44
45 0.79
46 0.76
47 0.29
48 0.03
49 0.09
50 0.05
51 0.73
52 0.85
53 0.49
54 0.59
55 0.88
56 0.53
57 0.93
58 0.48
59 0.22
60 0.30
61 0.65
62 0.72
63 0.86
64 0.78
65 0.04
66 0.18
67 0.45
68 0.80
69 0.95
70 0.98
71 1.00
72 0.84
73 0.69
74 0.88
75 0.20
76 0.44
77 0.98
78 0.19
79 0.84
80 0.96
81 0.79
82 0.71
83 0.96
84 0.28
85 0.68
86 0.87
87 0.40
88 0.78
89 0.11
90 0.97
91 0.23
92 0.76
93 0.12
94 0.23
95 0.65
96 0.29
97 0.08
98 0.40
99 0.17
100 0.98
101 0.25
102 0.58
103 0.09
104 0.97
105 0.29
106 0.58
107 0.84
108 0.52
109 0.09
110 0.31
111 0.11
112 0.50
113 0.54
114 0.44
115 0.58
116 0.29
117 0.79
118 0.84
119 0.14
120 0.71
121 0.55
122 0.10
123 0.33
124 0.67
125 0.78
126 0.48
127 0.85
128 0.73
129 0.62
130 0.78
131 0.03
132 0.51
133 0.30
134 0.52
135 0.54
136 0.08
137 0.26
138 0.03
139 0.50
140 0.91
141 0.59
142 0.79
143 0.33
144 0.59
145 0.45
146 0.13
147 0.57
148 0.83
149 0.01
0 7
0 8
0 9
0 10
0 11
0 12
0 16
0 19
0 22
0 23
0 24
0 25
0 27
0 29
0 31
0 32
0 34
0 37
0 39
0 41
0 47
0 50
0 51
0 53
0 58
0 61
0 62
0 65
0 66
0 67
0 68
0 69
0 71
0 73
0 75
0 78
0 79
0 80
0 81
0 82
0 85
0 86
0 87
0 91
0 92
0 94
0 95
0 96
0 97
0 98
0 99
0 100
0 102
0 103
0 105
0 110
0 112
0 114
0 121
0 123
0 125
0 127
0 128
0 129
0 130
0 132
0 135
0 136
0 138
0 139
0 140
0 141
0 142
0 144
0 145
0 146
0 147
0 149
1 4
1 6
1 8
1 9
1 11
1 15
1 16
1 20
1 21
1 23
1 24
1 25
1 26
1 27
1 28
1 31
1 32
1 33
1 35
1 38
1 39
1 43
1 44
1 53
1 54
1 56
1 57
1 58
1 60
1 62
1 63
1 65
1 66
1 67
1 70
1 74
1 75
1 78
1 81
1 82
1 84
1 85
1 88
1 89
1 90
1 92
1 96
1 97
1 101
1 102
1 104
1 106
1 107
1 111
1 113
1 115
1 116
1 118
1 119
1 120
1 125
1 127
1 129
1 131
1 133
1 135
1 136
1 138
1 139
1 140
1 143
1 145
1 146
1 148
2 7
2 9
2 14
2 17
2 19
2 20
2 21
2 23
2 24
2 26
2 27
2 29
2 31
2 36
2 38
2 39
2 40
2 41
2 42
2 43
2 44
2 48
2 53
2 56
2 59
2 62
2 63
2 67
2 68
2 71
2 73
2 74
2 75
2 76
2 77
2 78
2 79
2 81
2 82
2 87
2 89
2 90
2 93
2 94
2 95
2 97
2 98
2 101
2 102
2 106
2 107
2 108
2 111
2 115
2 116
2 118
2 119
2 121
2 122
2 126
2 127
2 134
2 136
2 137
2 138
2 139
2 140
2 141
2 143
2 145
2 146
2 148
3 5
3 6
3 7
3 8
3 10
3 11
3 12
3 13
3 15
3 16
3 17
3 18
3 19
3 25
3 28
3 31
3 32
3 33
3 35
3 38
3 39
3 40
3 41
3 45
3 46
3 48
3 49
3 50
3 51
3 53
3 54
3 57
3 63
3 64
3 66
3 69
3 71
3 74
3 76
3 77
3 79
3 90
3 94
3 95
3 97
3 99
3 101
3 102
3 103
3 105
3 106
3 109
3 111
3 114
3 121
3 126
3 128
3 134
3 137
3 141
3 142
3 144
3 145
3 146
3 148
4 7
4 8
4 10
4 11
4 17
4 19
4 20
4 21
4 22
4 23
4 27
4 30
4 33
4 34
4 36
4 39
4 40
4 41
4 45
4 47
4 48
4 50
4 51
4 52
4 54
4 56
4 57
4 59
4 60
4 62
4 65
4 69
4 72
4 73
4 77
4 82
4 86
4 88
4 94
4 96
4 98
4 99
4 102
4 103
4 104
4 106
4 110
4 111
4 112
4 113
4 121
4 122
4 125
4 127
4 129
4 131
4 132
4 138
4 139
4 142
4 145
4 149
5 6
5 7
5 8
5 9
5 10
5 11
5 13
5 15
5 18
5 20
5 22
5 23
5 28
5 30
5 31
5 33
5 34
5 35
5 37
5 39
5 40
5 41
5 42
5 44
5 45
5 47
5 56
5 58
5 59
5 62
5 66
5 67
5 68
5 71
5 75
5 79
5 81
5 85
5 88
5 91
5 99
5 100
5 101
5 102
5 104
5 105
5 106
5 111
5 113
5 114
5 115
5 116
5 122
5 125
5 129
5 130
5 131
5 133
5 134
5 135
5 137
5 139
5 140
5 141
5 143
5 149
6 8
6 9
6 11
6 13
6 14
6 15
6 16
6 17
6 18
6 23
6 24
6 25
6 27
6 28
6 30
6 31
6 32
6 33
6 34
6 35
6 37
6 38
6 41
6 42
6 45
6 46
6 50
6 53
6 54
6 55
6 57
6 61
6 62
6 69
6 70
6 71
6 72
6 78
6 80
6 81
6 82
6 84
6 85
6 86
6 89
6 90
6 94
6 95
6 97
6 98
6 99
6 100
6 102
6 104
6 105
6 106
6 107
6 109
6 111
6 112
6 113
6 115
6 117
6 118
6 120
6 121
6 122
6 125
6 126
6 128
6 129
6 130
6 131
6 133
6 134
6 137
6 138
6 140
6 142
6 145
6 146
6 147
6 148
6 149
7 8
7 10
7 18
7 19
7 20
7 21
7 22
7 23
7 24
7 25
7 27
7 29
7 31
7 35
7 37
7 39
7 41
7 42
7 43
7 44
7 45
7 50
7 54
7 55
7 56
7 57
7 58
7 59
7 60
7 61
7 64
7 65
7 66
7 70
7 71
7 74
7 76
7 80
7 82
7 84
7 85
7 86
7 87
7 89
7 90
7 92
7 93
7 95
7 96
7 97
7 98
7 99
7 106
7 107
7 108
7 109
7 111
7 114
7 115
7 117
7 119
7 121
7 122
7 123
7 124
7 125
7 126
7 127
7 128
7 129
7 130
7 132
7 134
7 135
7 136
7 139
7 142
7 144
7 145
7 147
7 148
7 149
8 11
8 12
8 13
8 15
8 16
8 18
8 20
8 23
8 24
8 26
8 28
8 29
8 30
8 32
8 34
8 38
8 40
8 43
8 49
8 50
8 52
8 54
8 56
8 57
8 59
8 60
8 62
8 64
8 65
8 67
8 69
8 70
8 71
8 72
8 74
8 75
8 76
8 80
8 81
8 85
8 87
8 89
8 90
8 91
8 92
8 93
8 95
8 97
8 98
8 100
8 102
8 103
8 104
8 105
8 110
8 111
8 112
8 116
8 120
8 122
8 124
8 125
8 127
8 130
8 131
8 133
8 134
8 136
8 137
8 138
8 142
8 143
8 147
8 148
9 11
9 12
9 13
9 14
9 17
9 18
9 22
9 28
9 29
9 32
9 34
9 36
9 37
9 38
9 39
9 41
9 42
9 44
9 47
9 48
9 51
9 52
9 53
9 54
9 55
9 59
9 60
9 61
9 63
9 64
9 65
9 66
9 67
9 71
9 72
9 73
9 76
9 77
9 78
9 79
9 80
9 83
9 85
9 86
9 87
9 89
9 91
9 94
9 96
9 99
9 100
9 113
9 114
9 115
9 116
9 117
9 118
9 120
9 121
9 124
9 126
9 127
9 129
9 130
9 134
9 135
9 138
9 139
9 141
9 145
9 146
9 149
10 11
10 12
10 13
10 14
10 17
10 18
10 20
10 21
10 23
10 27
10 28
10 31
10 33
10 35
10 37
10 38
10 40
10 41
10 42
10 44
10 47
10 48
10 49
10 50
10 51
10 54
10 55
10 57
10 63
10 64
10 66
10 67
10 68
10 69
10 70
10 71
10 72
10 75
10 76
10 77
10 83
10 84
10 85
10 86
10 87
10 90
10 92
10 96
10 97
10 98
10 99
10 100
10 101
10 104
10 106
10 108
10 112
10 114
10 117
10 120
10 121
10 122
10 125
10 126
10 127
10 128
10 129
10 131
10 132
10 133
10 137
10 138
10 139
10 140
10 143
10 144
10 145
10 148
10 149
11 12
11 13
11 14
11 15
11 16
11 18
11 19
11 20
11 21
11 22
11 23
11 24
11 27
11 28
11 34
11 35
11 38
11 40
11 42
11 44
11 45
11 47
11 48
11 52
11 55
11 57
11 58
11 60
11 61
11 64
11 65
11 66
11 68
11 69
11 72
11 74
11 75
11 78
11 82
11 83
11 84
11 85
11 89
11 90
11 92
11 94
11 95
11 97
11 98
11 102
11 104
11 106
11 108
11 109
11 110
11 111
11 112
11 113
11 114
11 117
11 118
11 119
11 123
11 125
11 126
11 129
11 130
11 131
11 132
11 136
11 137
11 139
11 140
11 147
12 14
12 15
12 16
12 17
12 19
12 20
12 23
12 25
12 26
12 28
12 30
12 31
12 32
12 33
12 34
12 36
12 44
12 47
12 48
12 49
12 50
12 51
12 52
12 53
12 56
12 57
12 63
12 65
12 71
12 74
12 77
12 79
12 81
12 82
12 83
12 85
12 86
12 87
12 88
12 89
12 91
12 94
12 95
12 97
12 99
12 100
12 102
12 105
12 106
12 107
12 109
12 111
12 113
12 114
12 119
12 120
12 121
12 123
12 124
12 126
12 127
12 128
12 129
12 131
12 134
12 137
12 138
12 141
12 143
12 144
12 145
12 146
12 148
12 149
13 14
13 15
13 17
13 19
13 20
13 22
13 24
13 25
13 28
13 30
13 31
13 34
13 40
13 45
13 46
13 47
13 49
13 51
13 52
13 54
13 56
13 57
13 58
13 59
13 60
13 63
13 65
13 66
13 69
13 71
13 75
13 76
13 77
13 78
13 79
13 81
13 84
13 92
13 94
13 95
13 97
13 99
13 102
13 103
13 110
13 111
13 114
13 115
13 116
13 117
13 118
13 119
13 120
13 121
13 122
13 126
13 127
13 131
13 133
13 136
13 137
13 140
13 143
13 146
13 147
13 148
13 149
14 15
14 17
14 18
14 20
14 23
14 24
14 26
14 29
14 31
14 32
14 33
14 34
14 36
14 37
14 45
14 46
14 49
14 52
14 54
14 55
14 59
14 60
14 62
14 64
14 67
14 69
14 70
14 71
14 73
14 77
14 78
14 79
14 81
14 83
14 84
14 89
14 90
14 94
14 95
14 97
14 98
14 99
14 104
14 105
14 106
14 108
14 114
14 115
14 116
14 119
14 123
14 124
14 125
14 126
14 128
14 129
14 132
14 133
14 135
14 136
14 138
14 141
14 142
14 144
14 145
14 148
15 16
15 17
15 22
15 23
15 26
15 27
15 28
15 29
15 31
15 32
15 33
15 34
15 36
15 37
15 38
15 39
15 41
15 42
15 43
15 44
15 45
15 47
15 50
15 51
15 56
15 58
15 59
15 61
15 62
15 66
15 67
15 70
15 71
15 73
15 74
15 75
15 76
15 78
15 83
15 85
15 88
15 90
15 91
15 95
15 99
15 100
15 101
15 102
15 104
15 106
15 108
15 109
15 111
15 120
15 121
15 124
15 126
15 129
15 130
15 131
15 133
15 141
15 142
15 144
15 145
15 147
15 149
16 19
16 24
16 30
16 32
16 35
16 37
16 38
16 42
16 43
16 45
16 49
16 52
16 57
16 58
16 59
16 61
16 63
16 64
16 66
16 68
16 69
16 70
16 72
16 75
16 77
16 79
16 81
16 86
16 87
16 88
16 94
16 96
16 97
16 98
16 103
16 104
16 107
16 108
16 109
16 114
16 118
16 119
16 121
16 123
16 128
16 129
16 130
16 133
16 134
16 135
16 137
16 138
16 139
16 142
16 143
16 145
16 146
16 147
16 149
17 18
17 20
17 22
17 23
17 27
17 30
17 31
17 32
17 34
17 35
17 36
17 39
17 40
17 42
17 43
17 46
17 47
17 48
17 49
17 53
17 55
17 56
17 59
17 62
17 63
17 65
17 67
17 68
17 71
17 72
17 76
17 77
17 85
17 87
17 91
17 93
17 94
17 95
17 96
17 97
17 99
17 104
17 105
17 107
17 108
17 110
17 111
17 113
17 114
17 115
17 116
17 117
17 121
17 123
17 126
17 134
17 135
17 136
17 138
17 140
17 149
18 19
18 21
18 23
18 24
18 26
18 28
18 29
18 30
18 31
18 33
18 37
18 38
18 39
18 40
18 41
18 42
18 47
18 51
18 53
18 54
18 56
18 59
18 60
18 64
18 65
18 68
18 71
18 72
18 73
18 77
18 80
18 83
18 86
18 94
18 96
18 97
18 98
18 100
18 102
18 105
18 111
18 114
18 115
18 117
18 118
18 122
18 127
18 128
18 132
18 133
18 139
18 140
18 141
18 142
18 143
18 144
18 145
18 147
18 148
19 24
19 25
19 26
19 27
19 28
19 33
19 36
19 40
19 42
19 44
19 45
19 47
19 48
19 50
19 52
19 55
19 56
19 58
19 60
19 62
19 63
19 65
19 69
19 70
19 71
19 73
19 74
19 80
19 81
19 84
19 86
19 87
19 88
19 91
19 92
19 93
19 94
19 95
19 98
19 106
19 107
19 110
19 113
19 114
19 115
19 116
19 117
19 122
19 123
19 124
19 127
19 129
19 134
19 136
19 137
19 138
19 142
19 143
19 146
19 147
20 21
20 24
20 25
20 26
20 28
20 29
20 30
20 32
20 33
20 34
20 37
20 38
20 43
20 44
20 45
20 46
20 57
20 58
20 59
20 61
20 63
20 65
20 67
20 69
20 71
20 72
20 73
20 74
20 76
20 77
20 81
20 82
20 84
20 86
20 87
20 88
20 90
20 91
20 93
20 99
20 103
20 107
20 109
20 110
20 113
20 114
20 117
20 119
20 120
20 121
20 122
20 123
20 125
20 126
20 127
20 129
20 130
20 131
20 137
20 140
20 142
20 144
20 145
20 146
21 23
21 24
21 25
21 27
21 29
21 30
21 31
21 33
21 37
21 38
21 39
21 41
21 43
21 44
21 45
21 50
21 51
21 53
21 56
21 60
21 61
21 63
21 64
21 65
21 69
21 70
21 77
21 78
21 79
21 83
21 85
21 88
21 90
21 92
21 97
21 99
21 100
21 102
21 103
21 104
21 107
21 108
21 109
21 112
21 113
21 114
21 116
21 119
21 120
21 124
21 125
21 127
21 128
21 129
21 134
21 137
21 140
21 141
21 142
21 143
21 146
21 147
21 148
22 23
22 25
22 27
22 30
22 31
22 32
22 36
22 37
22 38
22 39
22 43
22 44
22 45
22 46
22 47
22 49
22 50
22 54
22 55
22 63
22 65
22 66
22 67
22 68
22 73
22 74
22 75
22 77
22 79
22 81
22 82
22 85
22 89
22 91
22 99
22 100
22 101
22 106
22 107
22 108
22 110
22 115
22 116
22 117
22 119
22 120
22 123
22 127
22 129
22 133
22 134
22 139
22 140
22 141
22 142
22 145
22 147
22 149
23 24
23 25
23 29
23 31
23 35
23 37
23 38
23 39
23 41
23 42
23 43
23 44
23 45
23 50
23 51
23 52
23 53
23 54
23 59
23 60
23 63
23 65
23 66
23 67
23 68
23 70
23 72
23 73
23 74
23 75
23 77
23 81
23 82
23 84
23 88
23 91
23 93
23 95
23 96
23 97
23 99
23 100
23 107
23 109
23 114
23 115
23 120
23 121
23 122
23 128
23 136
23 142
23 143
23 144
23 147
23 148
24 26
24 27
24 28
24 30
24 33
24 35
24 36
24 37
24 43
24 44
24 45
24 47
24 48
24 50
24 54
24 55
24 59
24 61
24 63
24 64
24 65
24 71
24 72
24 74
24 75
24 77
24 80
24 82
24 85
24 86
24 88
24 89
24 90
24 91
24 93
24 96
24 97
24 101
24 104
24 105
24 106
24 107
24 108
24 109
24 110
24 114
24 119
24 122
24 123
24 129
24 130
24 133
24 134
24 136
24 137
24 138
24 141
24 143
24 144
24 145
24 146
24 147
24 149
25 26
25 27
25 28
25 32
25 35
25 38
25 40
25 44
25 45
25 48
25 50
25 51
25 52
25 55
25 60
25 61
25 63
25 64
25 67
25 68
25 69
25 71
25 72
25 73
25 75
25 76
25 79
25 80
25 82
25 84
25 85
25 86
25 87
25 91
25 92
25 93
25 96
25 99
25 102
25 104
25 105
25 106
25 107
25 110
25 112
25 113
25 115
25 118
25 121
25 122
25 123
25 125
25 126
25 127
25 128
25 130
25 133
25 135
25 136
25 138
25 141
25 143
25 145
25 147
25 148
25 149
26 29
26 31
26 32
26 34
26 35
26 36
26 44
26 46
26 47
26 49
26 51
26 52
26 53
26 54
26 55
26 56
26 61
26 62
26 63
26 65
26 66
26 67
26 70
26 72
26 78
26 80
26 84
26 85
26 87
26 89
26 94
26 96
26 97
26 101
26 102
26 103
26 117
26 121
26 122
26 124
26 126
26 133
26 137
26 142
26 145
26 146
26 147
27 32
27 34
27 35
27 37
27 38
27 39
27 43
27 44
27 46
27 47
27 49
27 51
27 52
27 56
27 58
27 59
27 62
27 64
27 65
27 66
27 67
27 68
27 69
27 70
27 73
27 74
27 76
27 77
27 78
27 79
27 80
27 81
27 82
27 83
27 84
27 90
27 92
27 95
27 97
27 98
27 105
27 106
27 112
27 113
27 116
27 117
27 118
27 119
27 122
27 124
27 131
27 132
27 135
27 137
27 139
27 140
27 141
27 142
27 143
27 146
27 147
27 149
28 32
28 34
28 37
28 38
28 40
28 43
28 44
28 45
28 46
28 47
28 50
28 57
28 58
28 59
28 60
28 62
28 63
28 64
28 66
28 68
28 69
28 70
28 71
28 72
28 73
28 76
28 80
28 85
28 87
28 88
28 89
28 90
28 93
28 96
28 97
28 99
28 100
28 102
28 105
28 106
28 111
28 112
28 113
28 114
28 116
28 118
28 119
28 121
28 122
28 125
28 128
28 131
28 132
28 133
28 134
28 137
28 141
28 142
28 146
28 148
29 33
29 34
29 35
29 37
29 38
29 39
29 40
29 43
29 44
29 47
29 54
29 55
29 59
29 60
29 62
29 63
29 64
29 65
29 66
29 71
29 77
29 78
29 79
29 80
29 81
29 82
29 83
29 85
29 86
29 88
29 90
29 92
29 93
29 96
29 97
29 99
29 100
29 102
29 103
29 104
29 105
29 107
29 112
29 113
29 115
29 118
29 125
29 126
29 127
29 128
29 129
29 133
29 140
29 141
30 33
30 37
30 39
30 45
30 48
30 49
30 51
30 54
30 55
30 58
30 61
30 67
30 68
30 69
30 71
30 73
30 74
30 77
30 79
30 80
30 81
30 82
30 85
30 88
30 90
30 95
30 96
30 97
30 98
30 99
30 100
30 102
30 104
30 105
30 106
30 108
30 109
30 111
30 112
30 114
30 116
30 117
30 118
30 120
30 126
30 128
30 129
30 131
30 133
30 134
30 135
30 136
30 139
30 144
30 145
30 146
30 147
31 32
31 33
31 35
31 36
31 37
31 39
31 42
31 43
31 44
31 45
31 47
31 50
31 52
31 53
31 57
31 60
31 61
31 62
31 63
31 64
31 65
31 66
31 68
31 70
31 73
31 74
31 76
31 78
31 80
31 81
31 82
31 83
31 84
31 87
31 90
31 91
31 93
31 98
31 99
31 101
31 102
31 104
31 106
31 108
31 111
31 112
31 113
31 114
31 117
31 119
31 122
31 125
31 126
31 127
31 128
31 135
31 136
31 137
31 138
31 142
31 143
31 145
31 146
31 147
31 148
31 149
32 34
32 35
32 36
32 37
32 39
32 42
32 44
32 46
32 49
32 51
32 52
32 53
32 54
32 55
32 57
32 58
32 59
32 63
32 66
32 68
32 72
32 73
32 74
32 75
32 76
32 77
32 79
32 81
32 82
32 83
32 88
32 92
32 94
32 95
32 96
32 97
32 99
32 100
32 101
32 104
32 105
32 107
32 108
32 109
32 110
32 112
32 114
32 115
32 116
32 119
32 121
32 122
32 123
32 124
32 125
32 126
32 127
32 130
32 131
32 136
32 137
32 138
32 139
32 140
32 144
32 147
32 148
33 38
33 40
33 42
33 45
33 47
33 50
33 52
33 53
33 54
33 56
33 57
33 58
33 59
33 61
33 62
33 63
33 67
33 69
33 70
33 74
33 76
33 79
33 81
33 82
33 83
33 85
33 86
33 93
33 96
33 97
33 99
33 101
33 102
33 103
33 104
33 105
33 106
33 109
33 111
33 112
33 115
33 116
33 119
33 122
33 126
33 128
33 131
33 132
33 136
33 138
33 139
33 140
33 142
33 143
33 148
33 149
34 40
34 44
34 45
34 47
34 50
34 55
34 56
34 57
34 58
34 59
34 60
34 61
34 62
34 64
34 67
34 68
34 70
34 72
34 75
34 78
34 79
34 80
34 81
34 82
34 84
34 85
34 93
34 94
34 95
34 97
34 98
34 99
34 101
34 104
34 105
34 106
34 107
34 112
34 114
34 115
34 119
34 120
34 125
34 126
34 127
34 128
34 129
34 130
34 131
34 133
34 135
34 139
34 140
34 141
34 143
35 36
35 40
35 42
35 44
35 47
35 49
35 50
35 53
35 56
35 59
35 60
35 62
35 64
35 66
35 68
35 69
35 70
35 71
35 72
35 74
35 75
35 76
35 77
35 78
35 79
35 80
35 83
35 84
35 85
35 87
35 89
35 90
35 92
35 95
35 96
35 98
35 99
35 102
35 103
35 107
35 108
35 109
35 112
35 114
35 115
35 116
35 117
35 118
35 119
35 122
35 123
35 125
35 126
35 127
35 128
35 130
35 131
35 132
35 134
35 139
35 141
35 143
35 145
35 149
36 38
36 39
36 41
36 42
36 43
36 44
36 45
36 46
36 47
36 50
36 51
36 54
36 57
36 61
36 62
36 63
36 64
36 65
36 66
36 67
36 70
36 74
36 77
36 78
36 80
36 82
36 83
36 87
36 88
36 90
36 93
36 95
36 97
36 99
36 106
36 112
36 113
36 114
36 116
36 119
36 120
36 121
36 124
36 125
36 126
36 127
36 131
36 132
36 133
36 135
36 137
36 140
36 141
36 145
36 146
36 148
36 149
37 40
37 41
37 42
37 43
37 45
37 47
37 48
37 50
37 51
37 53
37 57
37 58
37 59
37 60
37 63
37 67
37 70
37 71
37 73
37 78
37 83
37 84
37 86
37 87
37 88
37 89
37 90
37 91
37 94
37 95
37 97
37 98
37 100
37 105
37 106
37 107
37 108
37 109
37 110
37 113
37 114
37 119
37 120
37 126
37 127
37 128
37 130
37 132
37 133
37 137
37 139
37 141
37 142
37 143
37 144
37 145
37 147
38 40
38 43
38 46
38 47
38 51
38 52
38 53
38 56
38 58
38 59
38 60
38 62
38 66
38 67
38 73
38 74
38 76
38 79
38 81
38 82
38 84
38 86
38 87
38 91
38 94
38 95
38 98
38 102
38 104
38 105
38 108
38 110
38 113
38 116
38 117
38 120
38 121
38 122
38 123
38 124
38 125
38 126
38 128
38 129
38 136
38 138
38 139
38 142
38 144
38 145
38 146
39 40
39 43
39 44
39 45
39 46
39 47
39 48
39 49
39 52
39 55
39 59
39 60
39 61
39 63
39 64
39 66
39 67
39 70
39 73
39 74
39 75
39 76
39 78
39 85
39 86
39 90
39 91
39 92
39 94
39 95
39 97
39 98
39 101
39 103
39 104
39 108
39 110
39 111
39 112
39 113
39 116
39 118
39 121
39 123
39 124
39 125
39 128
39 129
39 130
39 132
39 133
39 135
39 139
39 144
39 145
39 147
40 44
40 46
40 49
40 50
40 55
40 58
40 59
40 65
40 66
40 68
40 69
40 71
40 73
40 77
40 80
40 82
40 84
40 85
40 86
40 91
40 92
40 94
40 95
40 96
40 98
40 101
40 102
40 104
40 105
40 106
40 107
40 108
40 110
40 113
40 114
40 115
40 119
40 126
40 128
40 129
40 130
40 134
40 138
40 139
40 140
40 144
40 145
40 146
40 148
41 42
41 44
41 45
41 47
41 48
41 49
41 50
41 54
41 55
41 58
41 59
41 60
41 62
41 63
41 65
41 68
41 71
41 72
41 73
41 74
41 76
41 77
41 81
41 82
41 84
41 91
41 94
41 95
41 97
41 98
41 100
41 104
41 105
41 107
41 108
41 109
41 112
41 113
41 115
41 119
41 120
41 124
41 125
41 130
41 131
41 132
41 133
41 134
41 137
41 141
41 142
41 143
41 146
41 147
41 149
42 44
42 48
42 49
42 51
42 52
42 54
42 56
42 57
42 58
42 60
42 62
42 63
42 65
42 69
42 70
42 71
42 72
42 73
42 74
42 82
42 83
42 84
42 85
42 86
42 87
42 88
42 91
42 93
42 94
42 96
42 97
42 98
42 101
42 102
42 103
42 104
42 105
42 110
42 111
42 115
42 116
42 118
42 119
42 120
42 123
42 124
42 125
42 126
42 130
42 132
42 136
42 137
42 140
42 146
42 147
43 45
43 60
43 62
43 64
43 65
43 67
43 68
43 71
43 76
43 77
43 78
43 80
43 82
43 86
43 89
43 92
43 93
43 94
43 95
43 96
43 97
43 100
43 101
43 102
43 103
43 106
43 108
43 110
43 111
43 115
43 116
43 118
43 119
43 121
43 132
43 133
43 134
43 135
43 136
43 137
43 139
43 140
43 141
43 142
43 143
43 144
43 146
43 147
44 46
44 47
44 50
44 52
44 54
44 55
44 56
44 58
44 59
44 63
44 64
44 65
44 68
44 70
44 71
44 73
44 74
44 77
44 78
44 80
44 81
44 83
44 86
44 87
44 89
44 90
44 92
44 95
44 96
44 97
44 98
44 101
44 102
44 103
44 104
44 109
44 110
44 111
44 112
44 113
44 114
44 123
44 124
44 125
44 128
44 130
44 133
44 134
44 137
44 138
44 139
44 143
44 144
44 145
44 146
44 147
44 148
44 149
45 46
45 47
45 48
45 49
45 53
45 57
45 58
45 60
45 61
45 62
45 64
45 66
45 67
45 69
45 70
45 72
45 73
45 76
45 77
45 78
45 82
45 85
45 86
45 88
45 90
45 91
45 93
45 94
45 97
45 100
45 105
45 112
45 115
45 116
45 118
45 120
45 122
45 124
45 125
45 127
45 131
45 132
45 134
45 135
45 137
45 138
45 139
45 140
45 142
45 146
45 147
45 149
46 48
46 49
46 51
46 53
46 60
46 63
46 65
46 66
46 67
46 70
46 73
46 74
46 78
46 80
46 81
46 82
46 83
46 86
46 87
46 88
46 90
46 91
46 92
46 93
46 95
46 96
46 98
46 100
46 101
46 102
46 105
46 106
46 107
46 108
46 109
46 110
46 112
46 115
46 118
46 120
46 121
46 123
46 127
46 128
46 131
46 133
46 135
46 139
46 140
46 141
46 142
46 143
46 145
46 147
46 148
47 48
47 50
47 51
47 52
47 54
47 56
47 64
47 65
47 67
47 68
47 70
47 74
47 75
47 78
47 79
47 80
47 81
47 82
47 84
47 85
47 87
47 94
47 98
47 99
47 102
47 104
47 109
47 110
47 111
47 113
47 117
47 118
47 123
47 125
47 126
47 129
47 130
47 133
47 134
47 137
47 139
47 140
47 146
47 147
48 49
48 52
48 53
48 55
48 59
48 60
48 63
48 66
48 67
48 68
48 69
48 72
48 75
48 77
48 78
48 79
48 81
48 84
48 85
48 87
48 94
48 96
48 98
48 99
48 100
48 102
48 107
48 108
48 109
48 110
48 116
48 117
48 118
48 120
48 121
48 122
48 125
48 126
48 128
48 130
48 131
48 132
48 134
48 135
48 139
48 147
49 50
49 51
49 52
49 54
49 55
49 58
49 60
49 63
49 65
49 66
49 67
49 68
49 70
49 71
49 72
49 73
49 75
49 81
49 84
49 85
49 86
49 87
49 88
49 89
49 91
49 93
49 97
49 98
49 107
49 108
49 109
49 113
49 115
49 116
49 117
49 118
49 120
49 123
49 125
49 127
49 131
49 135
49 136
49 137
49 138
49 139
49 141
49 143
49 147
49 148
50 51
50 54
50 55
50 58
50 62
50 65
50 68
50 69
50 70
50 71
50 72
50 73
50 74
50 75
50 78
50 79
50 84
50 85
50 86
50 88
50 90
50 91
50 92
50 93
50 94
50 95
50 99
50 101
50 102
50 104
50 105
50 106
50 107
50 109
50 110
50 111
50 115
50 116
50 117
50 118
50 119
50 120
50 121
50 122
50 123
50 129
50 130
50 131
50 132
50 133
50 134
50 139
50 140
50 141
50 143
50 146
51 52
51 57
51 58
51 59
51 62
51 63
51 64
51 65
51 66
51 70
51 72
51 73
51 76
51 78
51 79
51 82
51 83
51 86
51 89
51 90
51 91
51 99
51 103
51 104
51 106
51 108
51 110
51 111
51 112
51 114
51 115
51 117
51 118
51 119
51 123
51 125
51 126
51 129
51 132
51 133
51 135
51 136
51 138
51 140
51 141
51 142
51 143
51 144
51 146
51 148
51 149
52 54
52 56
52 59
52 64
52 65
52 68
52 70
52 72
52 77
52 79
52 84
52 86
52 87
52 88
52 89
52 92
52 98
52 99
52 100
52 101
52 105
52 106
52 107
52 110
52 111
52 112
52 115
52 116
52 117
52 120
52 122
52 127
52 129
52 133
52 134
52 138
52 139
52 142
52 143
52 147
53 55
53 57
53 58
53 60
53 62
53 63
53 64
53 65
53 66
53 67
53 68
53 70
53 71
53 73
53 74
53 76
53 78
53 79
53 80
53 83
53 84
53 85
53 86
53 88
53 89
53 90
53 92
53 93
53 96
53 97
53 98
53 99
53 103
53 104
53 105
53 108
53 109
53 110
53 111
53 113
53 114
53 115
53 116
53 117
53 119
53 124
53 126
53 128
53 131
53 132
53 136
53 137
53 138
53 139
53 141
53 144
53 145
53 146
53 148
54 55
54 61
54 63
54 65
54 67
54 68
54 69
54 71
54 72
54 73
54 77
54 80
54 81
54 83
54 85
54 86
54 87
54 88
54 89
54 94
54 97
54 98
54 100
54 103
54 104
54 105
54 107
54 108
54 109
54 111
54 113
54 116
54 117
54 118
54 120
54 122
54 124
54 125
54 127
54 131
54 132
54 134
54 136
54 137
54 139
54 140
54 142
54 146
54 147
55 57
55 58
55 60
55 64
55 70
55 75
55 77
55 78
55 79
55 81
55 82
55 87
55 88
55 91
55 92
55 95
55 96
55 97
55 98
55 99
55 101
55 102
55 103
55 105
55 106
55 108
55 111
55 112
55 116
55 117
55 118
55 119
55 120
55 121
55 124
55 127
55 131
55 133
55 134
55 135
55 137
55 139
55 140
55 141
55 143
55 144
55 145
55 146
55 148
56 57
56 59
56 60
56 61
56 63
56 66
56 67
56 68
56 69
56 75
56 76
56 78
56 80
56 81
56 83
56 84
56 87
56 89
56 90
56 91
56 92
56 93
56 95
56 97
56 98
56 99
56 100
56 102
56 103
56 106
56 108
56 110
56 111
56 112
56 115
56 117
56 119
56 120
56 121
56 125
56 128
56 129
56 132
56 138
56 139
56 143
56 147
57 67
57 68
57 69
57 72
57 73
57 76
57 77
57 78
57 83
57 84
57 85
57 87
57 88
57 91
57 94
57 98
57 101
57 102
57 103
57 104
57 107
57 113
57 114
57 115
57 117
57 118
57 119
57 120
57 123
57 124
57 127
57 128
57 130
57 131
57 138
57 139
57 140
57 141
57 143
57 147
57 149
58 60
58 61
58 62
58 63
58 67
58 69
58 70
58 71
58 72
58 73
58 74
58 75
58 76
58 78
58 79
58 80
58 82
58 84
58 85
58 86
58 88
58 89
58 91
58 93
58 94
58 95
58 96
58 98
58 100
58 102
58 103
58 104
58 105
58 106
58 107
58 110
58 112
58 114
58 115
58 117
58 119
58 120
58 121
58 123
58 124
58 127
58 128
58 129
58 130
58 131
58 132
58 134
58 138
58 140
58 141
58 143
58 144
58 147
59 60
59 63
59 64
59 65
59 66
59 67
59 69
59 70
59 74
59 75
59 81
59 85
59 87
59 90
59 91
59 93
59 99
59 100
59 104
59 108
59 109
59 110
59 111
59 113
59 114
59 116
59 118
59 119
59 120
59 121
59 122
59 124
59 125
59 126
59 127
59 128
59 130
59 132
59 135
59 136
59 137
59 139
59 140
59 141
59 144
59 145
59 147
59 149
60 61
60 63
60 65
60 66
60 69
60 70
60 71
60 72
60 73
60 74
60 75
60 76
60 77
60 80
60 82
60 83
60 85
60 87
60 88
60 89
60 90
60 95
60 97
60 103
60 105
60 106
60 107
60 108
60 110
60 112
60 113
60 116
60 117
60 118
60 119
60 120
60 124
60 127
60 128
60 129
60 130
60 131
60 132
60 134
60 135
60 138
60 144
60 145
60 147
61 63
61 65
61 66
61 68
61 69
61 70
61 71
61 74
61 76
61 77
61 79
61 81
61 82
61 83
61 85
61 87
61 88
61 90
61 91
61 92
61 93
61 99
61 102
61 107
61 108
61 110
61 111
61 112
61 115
61 118
61 122
61 123
61 124
61 126
61 128
61 130
61 132
61 136
61 137
61 145
61 146
61 149
62 63
62 64
62 65
62 67
62 69
62 71
62 72
62 73
62 74
62 75
62 78
62 79
62 80
62 82
62 84
62 88
62 90
62 91
62 92
62 94
62 102
62 103
62 106
62 108
62 110
62 111
62 112
62 114
62 115
62 119
62 121
62 122
62 124
62 126
62 127
62 129
62 130
62 132
62 134
62 138
62 139
62 140
62 143
62 144
62 146
62 148
62 149
63 65
63 68
63 70
63 71
63 74
63 75
63 76
63 78
63 80
63 81
63 83
63 84
63 85
63 86
63 87
63 88
63 89
63 91
63 92
63 93
63 94
63 95
63 96
63 99
63 100
63 102
63 103
63 105
63 106
63 107
63 111
63 113
63 114
63 116
63 119
63 120
63 121
63 122
63 124
63 130
63 131
63 134
63 137
63 142
63 143
63 144
63 145
63 148
64 65
64 67
64 68
64 69
64 70
64 71
64 78
64 80
64 81
64 82
64 83
64 84
64 87
64 88
64 92
64 93
64 95
64 97
64 99
64 100
64 103
64 104
64 105
64 107
64 108
64 109
64 110
64 111
64 115
64 117
64 119
64 120
64 125
64 126
64 127
64 130
64 131
64 132
64 133
64 134
64 136
64 138
64 139
64 142
64 146
64 147
64 148
65 66
65 67
65 68
65 74
65 75
65 77
65 80
65 81
65 83
65 85
65 89
65 94
65 96
65 99
65 100
65 102
65 107
65 111
65 113
65 117
65 120
65 121
65 122
65 123
65 127
65 129
65 132
65 137
65 140
65 142
65 145
65 149
66 68
66 73
66 74
66 77
66 78
66 79
66 80
66 81
66 84
66 88
66 89
66 92
66 93
66 96
66 101
66 103
66 104
66 105
66 106
66 108
66 110
66 111
66 114
66 115
66 121
66 122
66 124
66 128
66 129
66 131
66 133
66 138
66 139
66 140
66 142
66 143
66 144
66 145
66 147
67 69
67 72
67 80
67 83
67 84
67 86
67 89
67 91
67 93
67 95
67 96
67 97
67 100
67 102
67 105
67 114
67 116
67 121
67 122
67 124
67 125
67 127
67 128
67 129
67 130
67 131
67 135
67 136
67 140
67 142
67 143
67 145
67 149
68 69
68 71
68 74
68 75
68 76
68 81
68 82
68 85
68 86
68 90
68 92
68 93
68 96
68 98
68 102
68 104
68 105
68 108
68 109
68 112
68 114
68 115
68 116
68 117
68 120
68 123
68 124
68 126
68 132
68 135
68 136
68 138
68 139
68 140
68 142
68 145
68 147
68 149
69 72
69 75
69 78
69 79
69 82
69 83
69 87
69 89
69 90
69 91
69 93
69 100
69 102
69 103
69 105
69 106
69 107
69 108
69 110
69 111
69 113
69 116
69 118
69 120
69 121
69 122
69 123
69 125
69 126
69 127
69 130
69 131
69 132
69 133
69 135
69 136
69 137
69 139
69 140
69 146
69 147
70 71
70 72
70 75
70 79
70 81
70 82
70 83
70 86
70 87
70 90
70 95
70 98
70 99
70 100
70 104
70 109
70 110
70 111
70 115
70 116
70 120
70 121
70 123
70 124
70 126
70 127
70 128
70 130
70 131
70 133
70 134
70 135
70 141
70 144
70 145
70 146
70 147
70 148
71 74
71 75
71 80
71 82
71 83
71 84
71 85
71 86
71 87
71 88
71 89
71 93
71 96
71 97
71 98
71 100
71 101
71 103
71 107
71 108
71 111
71 112
71 113
71 121
71 122
71 124
71 125
71 128
71 129
71 130
71 136
71 139
71 140
71 141
71 142
71 143
71 145
71 147
72 75
72 76
72 78
72 79
72 80
72 81
72 82
72 84
72 86
72 87
72 94
72 97
72 99
72 100
72 102
72 103
72 104
72 105
72 108
72 109
72 111
72 112
72 113
72 114
72 115
72 116
72 118
72 119
72 120
72 122
72 124
72 125
72 126
72 128
72 130
72 133
72 135
72 138
72 139
72 141
72 142
72 143
72 148
72 149
73 74
73 76
73 79
73 81
73 83
73 84
73 85
73 86
73 88
73 89
73 90
73 92
73 94
73 95
73 97
73 98
73 99
73 101
73 102
73 104
73 105
73 109
73 111
73 113
73 115
73 117
73 118
73 119
73 120
73 121
73 123
73 124
73 125
73 128
73 129
73 130
73 132
73 133
73 134
73 137
73 140
73 142
73 143
73 144
73 145
73 147
74 75
74 76
74 77
74 79
74 85
74 89
74 91
74 92
74 93
74 94
74 95
74 97
74 99
74 102
74 105
74 107
74 109
74 110
74 113
74 114
74 115
74 117
74 118
74 119
74 120
74 121
74 123
74 124
74 125
74 126
74 127
74 129
74 130
74 133
74 134
74 139
74 140
74 142
74 144
74 149
75 78
75 79
75 82
75 83
75 84
75 85
75 87
75 88
75 89
75 90
75 91
75 92
75 94
75 95
75 96
75 97
75 99
75 100
75 101
75 103
75 107
75 108
75 110
75 113
75 114
75 117
75 121
75 127
75 128
75 129
75 133
75 135
75 136
75 137
75 139
75 142
75 144
75 145
75 146
75 149
76 77
76 78
76 81
76 87
76 88
76 89
76 91
76 95
76 96
76 97
76 103
76 104
76 105
76 106
76 110
76 111
76 112
76 114
76 115
76 118
76 119
76 123
76 129
76 131
76 132
76 133
76 134
76 135
76 137
76 139
76 140
76 143
76 144
76 145
76 146
76 148
76 149
77 78
77 81
77 82
77 83
77 85
77 86
77 88
77 90
77 92
77 95
77 96
77 99
77 101
77 104
77 106
77 108
77 110
77 111
77 112
77 118
77 119
77 120
77 122
77 123
77 126
77 127
77 128
77 129
77 132
77 136
77 139
77 142
77 144
77 145
77 146
77 148
78 82
78 87
78 90
78 92
78 93
78 94
78 95
78 97
78 98
78 105
78 106
78 107
78 110
78 111
78 117
78 119
78 120
78 121
78 122
78 124
78 125
78 126
78 127
78 129
78 130
78 131
78 132
78 133
78 135
78 136
78 138
78 140
78 143
78 144
78 146
79 80
79 83
79 84
79 87
79 89
79 90
79 91
79 95
79 96
79 97
79 98
79 99
79 101
79 102
79 106
79 107
79 108
79 110
79 111
79 115
79 117
79 119
79 122
79 125
79 128
79 129
79 130
79 135
79 136
79 138
79 139
79 140
79 141
79 142
79 143
79 144
79 147
79 149
80 82
80 85
80 86
80 87
80 88
80 89
80 90
80 91
80 92
80 94
80 98
80 100
80 103
80 104
80 106
80 107
80 112
80 114
80 115
80 117
80 118
80 121
80 122
80 123
80 125
80 129
80 131
80 138
80 139
80 140
80 141
80 143
80 148
81 84
81 86
81 87
81 92
81 93
81 94
81 96
81 97
81 99
81 101
81 103
81 104
81 105
81 111
81 113
81 114
81 115
81 117
81 118
81 119
81 122
81 123
81 126
81 128
81 129
81 132
81 133
81 138
81 139
81 140
81 141
81 143
81 145
81 146
81 149
82 83
82 86
82 87
82 90
82 92
82 93
82 95
82 100
82 102
82 104
82 105
82 108
82 109
82 110
82 112
82 113
82 114
82 115
82 123
82 124
82 130
82 131
82 138
82 139
82 142
82 143
82 149
83 86
83 87
83 89
83 90
83 91
83 95
83 96
83 97
83 99
83 100
83 102
83 103
83 106
83 109
83 110
83 112
83 113
83 114
83 119
83 123
83 126
83 127
83 128
83 129
83 130
83 131
83 134
83 139
83 141
83 142
83 145
84 85
84 86
84 87
84 89
84 91
84 93
84 95
84 99
84 101
84 102
84 103
84 105
84 107
84 109
84 110
84 111
84 112
84 113
84 114
84 115
84 116
84 117
84 118
84 120
84 123
84 129
84 133
84 137
84 138
84 139
84 140
84 141
84 143
84 144
84 145
84 146
84 148
85 86
85 87
85 88
85 91
85 92
85 93
85 95
85 98
85 100
85 102
85 103
85 104
85 105
85 106
85 107
85 108
85 111
85 112
85 113
85 114
85 115
85 125
85 126
85 132
85 133
85 134
85 135
85 136
85 138
85 140
85 144
85 149
86 87
86 90
86 93
86 98
86 100
86 102
86 105
86 109
86 110
86 112
86 114
86 117
86 118
86 119
86 120
86 125
86 127
86 128
86 129
86 134
86 137
86 139
86 140
86 141
86 144
86 145
86 147
86 148
87 90
87 91
87 94
87 95
87 98
87 103
87 104
87 107
87 108
87 109
87 110
87 111
87 112
87 113
87 114
87 115
87 116
87 117
87 121
87 123
87 124
87 129
87 132
87 133
87 134
87 139
87 141
87 143
87 144
87 145
87 147
88 90
88 91
88 97
88 98
88 99
88 107
88 108
88 112
88 113
88 115
88 116
88 118
88 119
88 123
88 126
88 128
88 130
88 133
88 134
88 136
88 138
88 140
88 142
88 143
88 145
88 147
88 149
89 91
89 93
89 96
89 98
89 99
89 100
89 102
89 103
89 104
89 106
89 108
89 109
89 112
89 114
89 117
89 118
89 119
89 120
89 122
89 123
89 126
89 128
89 129
89 130
89 134
89 137
89 139
89 141
89 142
89 146
89 147
89 149
90 91
90 95
90 98
90 99
90 100
90 102
90 103
90 104
90 106
90 108
90 109
90 112
90 113
90 119
90 120
90 124
90 127
90 129
90 132
90 133
90 135
90 141
90 143
90 144
90 147
91 93
91 95
91 96
91 98
91 99
91 100
91 103
91 104
91 110
91 113
91 114
91 115
91 117
91 118
91 121
91 122
91 123
91 125
91 127
91 128
91 129
91 130
91 132
91 134
91 135
91 136
91 138
91 139
91 140
91 142
91 143
91 144
91 148
92 96
92 97
92 98
92 101
92 105
92 109
92 110
92 111
92 115
92 116
92 120
92 121
92 122
92 123
92 124
92 127
92 128
92 129
92 130
92 136
92 138
92 142
92 144
92 146
93 94
93 95
93 96
93 97
93 100
93 101
93 102
93 105
93 109
93 112
93 113
93 117
93 119
93 120
93 122
93 125
93 131
93 132
93 133
93 136
93 138
93 139
93 142
93 144
93 145
93 146
93 148
94 95
94 98
94 99
94 100
94 101
94 104
94 105
94 109
94 110
94 111
94 113
94 114
94 115
94 117
94 119
94 120
94 123
94 124
94 125
94 127
94 128
94 130
94 133
94 134
94 136
94 137
94 139
94 140
94 143
94 145
94 146
94 148
94 149
95 96
95 99
95 100
95 103
95 104
95 108
95 109
95 110
95 113
95 114
95 115
95 117
95 119
95 122
95 123
95 124
95 125
95 126
95 128
95 131
95 133
95 135
95 138
95 140
95 142
95 143
95 144
95 147
95 148
96 98
96 102
96 103
96 104
96 106
96 109
96 110
96 112
96 113
96 116
96 117
96 118
96 123
96 124
96 125
96 126
96 127
96 128
96 131
96 132
96 133
96 134
96 135
96 137
96 139
96 141
96 143
96 144
96 147
96 149
97 103
97 105
97 108
97 110
97 111
97 114
97 115
97 116
97 117
97 119
97 121
97 124
97 126
97 128
97 129
97 130
97 131
97 133
97 134
97 135
97 138
97 139
97 141
97 142
97 143
97 144
97 147
97 148
98 99
98 100
98 101
98 103
98 108
98 109
98 110
98 113
98 116
98 120
98 124
98 126
98 127
98 129
98 130
98 131
98 132
98 134
98 135
98 137
98 138
98 144
98 145
98 146
98 148
98 149
99 100
99 101
99 103
99 105
99 107
99 108
99 109
99 113
99 117
99 120
99 121
99 124
99 126
99 127
99 128
99 129
99 131
99 132
99 135
99 136
99 139
99 140
99 141
99 146
99 147
99 148
100 101
100 102
100 105
100 106
100 107
100 108
100 110
100 112
100 118
100 119
100 120
100 122
100 123
100 124
100 125
100 127
100 130
100 131
100 134
100 136
100 137
100 138
100 141
100 145
100 146
101 102
101 105
101 107
101 109
101 110
101 113
101 114
101 118
101 119
101 122
101 124
101 125
101 127
101 132
101 133
101 134
101 140
101 143
101 144
101 145
102 104
102 105
102 106
102 108
102 109
102 113
102 115
102 119
102 120
102 122
102 123
102 124
102 126
102 127
102 129
102 130
102 133
102 135
102 138
102 139
102 143
102 144
102 145
102 146
102 148
102 149
103 111
103 112
103 114
103 115
103 119
103 124
103 125
103 129
103 131
103 132
103 136
103 137
103 138
103 139
103 145
103 146
103 147
104 106
104 107
104 110
104 113
104 116
104 120
104 128
104 129
104 130
104 132
104 133
104 136
104 137
104 143
104 144
104 145
104 147
104 149
105 108
105 109
105 111
105 112
105 113
105 114
105 116
105 121
105 122
105 123
105 124
105 128
105 130
105 131
105 133
105 134
105 138
105 140
105 141
105 142
105 143
105 144
105 149
106 110
106 111
106 112
106 113
106 118
106 119
106 122
106 125
106 128
106 129
106 130
106 131
106 133
106 135
106 139
106 142
106 144
106 147
106 149
107 108
107 110
107 111
107 114
107 116
107 117
107 118
107 119
107 120
107 123
107 125
107 126
107 127
107 128
107 132
107 138
107 139
107 140
107 143
107 146
107 147
107 148
108 109
108 111
108 112
108 115
108 118
108 119
108 121
108 128
108 131
108 133
108 135
108 138
108 140
108 144
108 146
108 147
109 110
109 112
109 115
109 117
109 118
109 121
109 122
109 123
109 126
109 129
109 130
109 131
109 136
109 137
109 138
109 141
109 142
109 144
109 146
109 147
109 148
109 149
110 115
110 119
110 121
110 123
110 126
110 130
110 132
110 133
110 134
110 137
110 139
110 145
110 146
110 148
110 149
111 113
111 114
111 120
111 123
111 125
111 130
111 132
111 134
111 136
111 139
111 141
111 142
111 149
112 115
112 118
112 119
112 120
112 121
112 123
112 124
112 128
112 131
112 133
112 134
112 135
112 136
112 139
112 142
112 143
112 145
112 146
112 147
112 148
112 149
113 116
113 117
113 119
113 120
113 122
113 124
113 125
113 126
113 127
113 132
113 134
113 135
113 136
113 143
113 146
113 148
114 116
114 119
114 121
114 125
114 127
114 128
114 133
114 137
114 141
114 142
114 145
114 146
114 147
115 116
115 118
115 121
115 124
115 125
115 127
115 129
115 130
115 131
115 132
115 133
115 134
115 135
115 138
115 141
115 144
115 145
115 146
115 147
115 149
116 117
116 119
116 120
116 121
116 122
116 124
116 128
116 132
116 134
116 137
116 139
116 140
116 142
116 144
116 145
116 146
116 149
117 118
117 123
117 124
117 126
117 128
117 130
117 133
117 137
117 140
117 141
117 142
117 143
117 144
117 146
118 119
118 120
118 124
118 126
118 127
118 129
118 134
118 137
118 138
118 140
118 141
118 142
118 144
118 147
118 148
119 121
119 122
119 129
119 130
119 131
119 134
119 136
119 138
119 140
119 141
119 144
119 148
119 149
120 121
120 123
120 124
120 126
120 128
120 129
120 130
120 132
120 134
120 137
120 140
120 143
120 147
121 122
121 123
121 124
121 126
121 128
121 131
121 133
121 135
121 136
121 138
121 139
121 141
121 143
121 144
121 145
121 146
121 147
121 149
122 123
122 124
122 125
122 127
122 128
122 133
122 134
122 135
122 136
122 137
122 138
122 140
122 141
122 143
122 144
122 145
122 146
122 147
122 148
122 149
123 127
123 128
123 129
123 130
123 134
123 135
123 136
123 137
123 138
123 140
123 143
123 145
123 147
123 148
123 149
124 126
124 127
124 128
124 129
124 130
124 131
124 132
124 133
124 134
124 135
124 138
124 139
124 142
124 143
124 147
124 148
124 149
125 126
125 129
125 130
125 131
125 132
125 135
125 137
125 143
125 145
125 146
125 147
125 149
126 127
126 128
126 131
126 134
126 138
126 140
126 141
126 143
126 144
126 148
126 149
127 128
127 130
127 132
127 134
127 135
127 136
127 139
127 141
127 143
127 144
127 145
127 147
127 149
128 130
128 132
128 133
128 135
128 136
128 137
128 140
128 141
128 142
128 143
128 147
128 148
129 131
129 134
129 135
129 137
129 138
129 140
129 141
129 143
129 144
129 145
129 146
129 147
129 148
129 149
130 131
130 132
130 136
130 137
130 138
130 140
130 141
130 142
130 144
130 145
130 147
130 148
130 149
131 138
131 140
131 141
131 144
131 148
132 134
132 135
132 138
132 139
132 142
132 145
132 147
132 149
133 135
133 140
133 141
133 144
133 146
133 147
134 136
134 138
134 140
134 141
134 142
135 136
135 138
135 141
135 143
135 144
135 145
135 146
135 147
136 141
136 142
136 143
136 144
136 145
136 146
136 148
137 142
137 145
137 146
137 147
137 148
138 139
138 140
138 142
138 147
138 148
138 149
139 140
139 146
139 147
139 148
140 141
140 142
140 143
140 145
140 147
141 148
141 149
142 143
142 144
142 145
142 148
143 147
144 146
144 148
144 149
145 146
145 149
146 147
146 148
146 149
147 148