150
1114
0 0.30
1 0.55
2 0.68
3 0.13
4 0.55
5 0.32
6 0.98
7 0.84
8 0.58
9 0.34
10 0.85
11 0.05
12 0.36
13 0.52
14 0.76
15 0.46
16 0.58
17 0.33
18 0.77
19 0.54
20 0.39
21 0.63
22 0.47
23 0.28
24 0.85
25 0.08
26 0.85
27 0.39
28 0.78
29 0.81
30 0.00
31 0.90
32 0.63
33 0.02
34 0.62
35 0.71
36 0.41
37 0.89
38 0.79
39 0.20
40 0.69
41 0.04
42 0.33
43 0.45
44 0.43
45 0.61
46 0.31
47 0.81
48 0.92
49 0.94
50 0.03
51 0.95
52 0.53
53 0.44
54 0.47
55 0.33
56 0.71
57 0.02
58 0.73
59 0.87
60 0.97
61 0.89
62 0.83
63 0.56
64 0.65
65 0.53
66 0.71
67 0.32
68 0.87
69 0.21
70 0.83
71 0.49
72 0.03
73 0.31
74 0.37
75 0.64
76 0.40
77 0.57
78 0.25
79 0.21
80 0.29
81 0.21
82 0.34
83 0.82
84 0.75
85 0.59
86 0.13
87 0.59
88 0.56
89 0.70
90 0.83
91 0.56
92 0.44
93 0.58
94 0.84
95 0.66
96 0.64
97 0.85
98 0.52
99 0.11
100 0.79
101 0.09
102 0.81
103 0.72
104 0.60
105 0.90
106 0.66
107 0.32
108 0.24
109 0.07
110 0.16
111 0.43
112 0.05
113 0.17
114 0.95
115 0.25
116 0.72
117 0.38
118 0.83
119 0.37
120 0.29
121 0.75
122 0.90
123 0.22
124 0.77
125 0.07
126 0.98
127 0.13
128 0.37
129 0.47
130 0.69
131 0.77
132 0.82
133 0.14
134 0.63
135 0.76
136 0.01
137 0.35
138 0.47
139 0.16
140 0.34
141 0.15
142 0.57
143 0.22
144 0.51
145 0.91
146 0.57
147 0.11
148 0.13
149 0.76
0 28
0 36
0 49
0 51
0 61
0 67
0 85
0 110
0 111
0 112
0 114
0 115
0 116
0 117
0 119
0 137
0 148
1 16
1 23
1 34
1 40
1 46
1 51
1 54
1 62
1 71
1 76
1 97
1 100
1 106
1 110
1 111
1 119
1 123
1 141
2 9
2 21
2 25
2 27
2 37
2 44
2 49
2 52
2 70
2 78
2 91
2 107
2 130
2 136
2 141
2 144
2 145
3 19
3 50
3 59
3 78
3 82
3 98
3 99
3 101
3 106
3 107
3 118
4 13
4 21
4 24
4 30
4 35
4 37
4 42
4 59
4 84
4 91
4 105
4 108
4 121
5 16
5 28
5 30
5 44
5 55
5 56
5 76
5 88
5 93
5 96
5 106
5 116
5 118
5 142
5 145
6 14
6 25
6 27
6 34
6 57
6 80
6 89
6 100
6 135
6 136
7 18
7 36
7 47
7 48
7 63
7 68
7 70
7 77
7 83
7 106
7 107
7 115
7 121
7 124
7 139
7 143
7 147
8 24
8 25
8 29
8 35
8 45
8 46
8 51
8 53
8 55
8 62
8 65
8 69
8 71
8 82
8 89
8 98
8 108
8 118
8 123
8 131
8 133
9 10
9 14
9 28
9 33
9 42
9 63
9 67
9 68
9 75
9 77
9 79
9 86
9 95
9 99
9 133
9 141
10 15
10 20
10 55
10 64
10 66
10 73
10 88
10 90
10 99
10 100
10 107
10 124
10 132
10 144
11 12
11 13
11 25
11 34
11 36
11 56
11 66
11 69
11 74
11 97
11 104
11 106
11 113
11 139
11 146
11 147
12 27
12 30
12 31
12 35
12 49
12 50
12 59
12 60
12 75
12 79
12 86
12 87
12 90
12 96
12 123
12 143
13 20
13 23
13 33
13 58
13 66
13 87
13 99
13 101
13 102
13 103
13 106
13 110
13 120
13 131
13 134
13 136
13 138
14 28
14 31
14 40
14 62
14 68
14 75
14 76
14 92
14 97
14 112
14 115
14 117
14 120
14 127
14 139
14 140
14 145
14 146
14 147
15 18
15 21
15 22
15 36
15 40
15 43
15 50
15 52
15 63
15 65
15 66
15 67
15 69
15 84
15 96
15 119
15 124
15 137
15 147
16 18
16 21
16 35
16 41
16 42
16 68
16 72
16 82
16 84
16 95
16 105
16 128
16 131
16 144
16 147
16 149
17 74
17 80
17 96
17 122
17 125
17 133
17 143
17 149
18 57
18 58
18 67
18 81
18 94
18 131
19 24
19 28
19 32
19 33
19 56
19 57
19 61
19 77
19 89
19 119
20 27
20 36
20 50
20 70
20 75
20 82
20 87
20 98
20 119
20 121
20 128
21 36
21 42
21 44
21 59
21 61
21 63
21 66
21 90
21 101
21 105
21 110
21 113
21 119
21 121
21 127
22 26
22 32
22 38
22 40
22 42
22 45
22 47
22 59
22 63
22 67
22 71
22 85
22 92
22 96
22 97
22 120
22 146
22 148
23 29
23 31
23 36
23 37
23 46
23 52
23 71
23 86
23 93
23 108
23 129
23 134
23 144
24 31
24 42
24 43
24 48
24 58
24 65
24 80
24 106
24 108
24 123
25 30
25 73
25 100
25 108
25 110
25 111
25 135
25 145
25 146
25 147
25 148
26 32
26 33
26 38
26 43
26 68
26 79
26 85
26 93
26 94
26 97
26 104
26 107
26 146
27 33
27 40
27 46
27 49
27 51
27 70
27 71
27 81
27 85
27 87
27 109
27 115
27 130
27 136
28 37
28 40
28 43
28 60
28 69
28 78
28 79
28 106
28 112
28 114
28 123
28 124
28 129
29 30
29 48
29 63
29 70
29 75
29 88
29 90
29 92
29 93
29 98
29 106
29 135
29 139
30 35
30 39
30 46
30 68
30 74
30 80
30 105
30 110
30 123
30 146
31 37
31 38
31 45
31 72
31 73
31 112
31 149
32 50
32 57
32 60
32 67
32 76
32 84
32 85
32 95
32 100
32 120
32 123
32 134
33 49
33 54
33 73
33 82
33 102
33 113
33 116
33 118
33 143
33 144
34 40
34 46
34 47
34 48
34 60
34 67
34 85
34 104
34 124
34 131
34 132
34 136
35 38
35 60
35 67
35 68
35 84
35 87
35 92
35 93
35 96
35 114
35 117
35 119
35 121
35 125
35 127
36 53
36 62
36 71
36 80
36 81
36 99
36 119
36 123
36 145
36 147
37 61
37 84
37 120
37 125
37 139
38 65
38 67
38 75
38 77
38 90
38 99
38 106
38 107
38 118
38 124
38 133
38 142
38 148
38 149
39 49
39 57
39 64
39 111
39 116
39 126
39 129
39 133
39 135
40 42
40 52
40 62
40 69
40 71
40 97
40 102
40 136
41 42
41 48
41 50
41 78
41 80
41 92
41 106
41 108
41 110
41 111
41 117
41 126
41 136
41 140
42 54
42 56
42 63
42 76
42 91
42 97
42 98
42 107
42 114
42 120
43 67
43 73
43 77
43 88
43 110
43 113
43 116
44 62
44 75
44 82
44 93
44 96
44 97
44 105
44 106
44 133
44 143
45 51
45 59
45 78
45 90
45 129
45 144
45 148
46 47
46 52
46 57
46 65
46 78
46 99
46 101
46 102
46 106
46 112
46 119
46 120
46 125
46 128
46 131
47 61
47 91
47 98
47 102
47 121
47 126
47 141
47 142
48 52
48 59
48 72
48 83
48 94
48 101
48 114
48 118
48 132
48 137
48 138
48 140
48 145
49 75
49 76
49 81
49 83
49 88
49 93
49 98
49 126
49 129
49 149
50 58
50 71
50 72
50 107
50 110
50 128
50 133
50 134
51 58
51 73
51 78
51 101
51 105
51 110
51 113
51 123
51 134
51 145
52 85
52 94
52 100
52 102
52 107
52 109
52 112
52 119
52 120
52 122
53 56
53 67
53 73
53 83
53 137
53 142
53 145
54 70
54 71
54 74
54 120
54 121
54 126
54 149
55 65
55 70
55 75
55 79
55 82
55 102
55 108
55 144
56 70
56 74
56 87
56 103
56 111
56 117
56 144
57 70
57 72
57 84
57 95
57 104
57 110
57 119
57 131
57 136
58 61
58 69
58 74
58 88
58 110
58 121
58 126
58 140
58 142
58 149
59 65
59 84
59 89
59 90
59 98
59 104
59 106
59 117
59 125
59 126
59 130
60 61
60 65
60 79
60 106
60 109
60 117
60 128
60 134
60 136
61 63
61 81
61 83
61 100
61 113
61 118
61 121
61 127
61 140
62 76
62 79
62 85
62 87
62 104
62 112
62 119
62 123
62 125
62 126
62 139
62 142
63 66
63 67
63 128
63 130
63 133
63 134
63 136
64 82
64 90
64 93
64 109
64 119
64 128
64 137
64 139
65 66
65 81
65 83
65 89
65 93
65 99
65 100
65 103
65 109
65 112
65 113
65 146
66 73
66 84
66 93
66 101
66 104
66 142
67 70
67 80
67 91
67 96
67 106
67 119
67 123
67 133
67 134
68 69
68 91
68 99
68 124
68 126
68 128
68 139
68 148
69 71
69 76
69 78
69 104
69 120
69 126
69 130
69 136
69 146
70 84
70 88
70 93
70 110
70 112
70 125
70 127
70 129
70 132
70 143
70 146
70 148
71 73
71 74
71 79
71 108
71 112
71 119
71 123
71 129
71 137
71 138
71 145
72 77
72 80
72 86
72 96
72 103
72 114
72 120
72 129
73 78
73 94
73 95
73 99
73 118
73 119
73 144
74 84
74 105
74 108
74 110
74 122
74 133
74 137
74 147
75 80
75 92
75 94
75 95
75 100
75 112
75 117
75 118
75 121
75 148
76 84
76 112
76 127
77 79
77 89
77 95
77 105
77 113
77 126
77 130
78 92
78 119
78 133
78 148
79 80
79 83
79 94
79 113
79 118
79 122
79 131
80 85
80 92
80 128
80 138
80 141
81 86
81 98
81 129
81 131
81 140
82 108
82 117
82 139
82 142
83 91
83 98
83 108
83 115
83 119
84 88
84 93
84 101
84 102
84 106
84 118
84 129
84 145
86 96
86 119
87 92
87 93
87 94
87 124
87 136
87 137
88 90
88 94
88 115
88 116
88 129
88 135
88 143
89 93
89 100
89 109
89 111
89 133
90 93
90 103
90 108
90 129
90 132
90 135
91 92
91 93
91 101
91 124
91 128
91 139
91 142
91 145
92 95
92 98
92 124
92 132
93 97
93 101
93 103
93 117
93 143
93 146
94 110
94 121
94 131
94 132
94 142
95 100
95 114
95 131
95 138
95 147
95 149
96 98
96 100
96 107
96 111
96 119
96 130
96 132
96 143
97 99
97 107
97 127
97 146
98 99
98 102
98 103
98 107
98 113
98 136
98 140
98 141
99 107
99 135
99 139
100 108
100 131
100 137
100 143
100 146
101 134
101 137
101 141
102 112
102 135
103 113
103 114
103 126
103 130
103 138
103 143
104 107
104 108
104 116
104 127
105 106
105 108
105 111
105 126
105 127
105 128
106 109
106 122
107 110
107 115
107 133
107 139
108 116
108 129
108 139
108 140
109 114
109 116
109 127
109 148
110 122
110 127
110 139
110 145
110 146
111 117
111 123
111 128
111 143
111 146
112 140
112 143
112 147
112 149
113 116
114 117
114 125
114 131
114 133
114 145
115 123
115 126
115 128
115 141
116 121
116 144
116 146
117 128
117 130
118 128
118 129
119 132
119 142
119 147
120 121
120 142
121 131
121 133
121 140
121 142
122 123
122 125
122 130
122 133
122 136
124 135
124 139
124 143
125 129
125 136
125 139
125 149
126 144
126 145
127 132
127 138
127 139
127 141
128 140
129 146
129 149
130 143
130 149
131 146
132 148
133 141
133 147
134 135
134 137
134 147
134 149
135 140
135 142
135 145
138 143
139 144
140 148
141 144
141 149
144 146
144 148
146 149
148 149