150
3307
0 0.01
1 0.63
2 0.02
3 0.02
4 0.49
5 0.28
6 0.28
7 0.40
8 0.96
9 0.04
10 0.51
11 0.49
12 0.49
13 0.93
14 0.84
15 0.53
16 0.74
17 0.85
18 0.54
19 0.59
20 0.01
21 0.44
22 0.95
23 0.09
24 0.84
25 0.77
26 0.18
27 0.68
28 0.60
29 0.82
30 0.94
31 0.78
32 0.02
33 0.11
34 0.43
35 0.57
36 0.13
37 0.54
38 0.77
39 0.15
40 0.10
41 0.62
42 0.17
43 0.81
44 0.12
45 0.74
46 0.87
47 0.07
48 0.56
49 0.14
50 0.47
51 0.68
52 0.94
53 0.91
54 0.35
55 0.07
56 0.28
57 0.15
58 0.34
59 0.07
60 0.24
61 0.59
62 0.74
63 0.07
64 0.43
65 0.24
66 0.23
67 0.06
68 0.03
69 0.87
70 0.64
71 0.77
72 0.16
73 0.84
74 0.83
75 0.28
76 0.45
77 0.78
78 0.06
79 0.61
80 0.81
81 0.53
82 0.92
83 0.94
84 0.84
85 0.20
86 0.77
87 0.92
88 0.62
89 0.26
90 0.17
91 0.75
92 0.74
93 0.78
94 0.62
95 0.80
96 0.20
97 0.12
98 0.14
99 0.35
100 0.79
101 0.21
102 0.09
103 0.78
104 0.84
105 0.84
106 0.96
107 0.13
108 0.83
109 0.20
110 0.56
111 0.02
112 0.64
113 0.39
114 0.86
115 0.56
116 0.17
117 0.11
118 0.13
119 0.79
120 0.08
121 0.61
122 0.05
123 0.92
124 0.33
125 0.64
126 0.49
127 0.33
128 0.42
129 0.63
130 0.58
131 0.87
132 0.34
133 0.19
134 0.48
135 0.81
136 0.90
137 0.90
138 0.15
139 0.25
140 0.08
141 0.58
142 0.94
143 0.33
144 0.02
145 0.42
146 0.49
147 0.63
148 0.90
149 0.11
0 1
0 5
0 9
0 16
0 20
0 22
0 25
0 29
0 33
0 34
0 37
0 38
0 39
0 46
0 47
0 56
0 59
0 60
0 78
0 83
0 92
0 95
0 100
0 102
0 108
0 111
0 114
0 118
0 122
0 132
0 133
0 135
0 138
0 139
0 140
0 142
1 2
1 4
1 7
1 9
1 10
1 13
1 16
1 18
1 19
1 25
1 28
1 29
1 31
1 34
1 35
1 38
1 40
1 41
1 42
1 46
1 54
1 57
1 58
1 62
1 63
1 68
1 69
1 71
1 73
1 74
1 76
1 78
1 81
1 82
1 83
1 88
1 95
1 98
1 101
1 102
1 103
1 105
1 109
1 115
1 119
1 123
1 124
1 125
1 127
1 128
1 136
1 137
1 138
1 140
1 144
1 147
2 6
2 7
2 14
2 16
2 19
2 20
2 21
2 25
2 26
2 27
2 28
2 31
2 32
2 36
2 39
2 40
2 42
2 45
2 48
2 49
2 53
2 54
2 70
2 71
2 77
2 83
2 84
2 85
2 87
2 88
2 92
2 93
2 94
2 98
2 107
2 108
2 109
2 111
2 116
2 121
2 128
2 130
2 132
2 134
2 138
2 139
2 142
2 144
3 11
3 21
3 24
3 25
3 33
3 35
3 37
3 38
3 39
3 42
3 43
3 44
3 45
3 48
3 50
3 51
3 55
3 58
3 61
3 76
3 78
3 79
3 80
3 82
3 84
3 88
3 89
3 92
3 101
3 104
3 108
3 114
3 117
3 120
3 121
3 127
3 129
3 133
3 136
3 138
3 139
3 140
3 141
3 145
4 6
4 9
4 11
4 13
4 19
4 22
4 28
4 30
4 37
4 39
4 51
4 53
4 55
4 61
4 63
4 72
4 73
4 74
4 78
4 79
4 80
4 81
4 83
4 85
4 86
4 89
4 93
4 94
4 95
4 96
4 98
4 101
4 102
4 109
4 113
4 115
4 116
4 123
4 125
4 129
4 130
4 131
4 132
4 134
4 140
4 144
5 6
5 14
5 15
5 16
5 18
5 21
5 27
5 31
5 39
5 40
5 41
5 42
5 49
5 50
5 52
5 58
5 64
5 65
5 68
5 70
5 75
5 76
5 83
5 86
5 87
5 93
5 99
5 100
5 101
5 102
5 105
5 106
5 107
5 109
5 120
5 127
5 135
5 138
5 141
5 144
5 145
5 147
5 149
6 7
6 11
6 13
6 14
6 19
6 25
6 26
6 33
6 35
6 39
6 40
6 41
6 44
6 46
6 49
6 50
6 51
6 56
6 57
6 59
6 61
6 62
6 64
6 65
6 66
6 67
6 81
6 82
6 85
6 89
6 91
6 94
6 95
6 97
6 99
6 102
6 103
6 104
6 106
6 107
6 110
6 111
6 115
6 116
6 120
6 122
6 123
6 124
6 138
6 144
6 145
6 146
6 147
7 14
7 16
7 18
7 19
7 24
7 26
7 30
7 31
7 34
7 37
7 39
7 40
7 42
7 53
7 54
7 58
7 60
7 65
7 66
7 67
7 70
7 73
7 74
7 75
7 76
7 78
7 86
7 91
7 94
7 95
7 96
7 105
7 106
7 109
7 110
7 122
7 126
7 127
7 132
7 138
7 140
7 146
8 11
8 12
8 18
8 19
8 24
8 31
8 32
8 37
8 39
8 41
8 42
8 43
8 50
8 57
8 58
8 65
8 68
8 69
8 70
8 79
8 89
8 91
8 93
8 94
8 98
8 101
8 102
8 104
8 105
8 109
8 121
8 124
8 126
8 131
8 134
8 135
8 137
8 138
8 139
8 144
8 145
8 148
9 12
9 14
9 16
9 18
9 19
9 29
9 30
9 31
9 33
9 40
9 41
9 45
9 49
9 52
9 57
9 58
9 61
9 62
9 65
9 69
9 71
9 74
9 75
9 77
9 81
9 83
9 94
9 96
9 102
9 104
9 106
9 111
9 112
9 113
9 115
9 118
9 123
9 125
9 127
9 132
9 136
9 141
9 142
9 144
9 146
9 148
10 15
10 16
10 17
10 19
10 22
10 30
10 32
10 34
10 36
10 41
10 42
10 43
10 45
10 48
10 56
10 63
10 66
10 72
10 75
10 78
10 85
10 87
10 91
10 92
10 96
10 97
10 108
10 111
10 118
10 119
10 121
10 122
10 123
10 126
10 127
10 133
10 134
10 143
11 12
11 16
11 26
11 30
11 32
11 37
11 38
11 43
11 47
11 52
11 53
11 54
11 58
11 60
11 64
11 68
11 73
11 83
11 95
11 97
11 99
11 101
11 106
11 107
11 110
11 119
11 121
11 122
11 124
11 125
11 127
11 129
11 137
11 142
11 147
11 149
12 18
12 21
12 23
12 25
12 27
12 28
12 29
12 32
12 38
12 50
12 51
12 53
12 54
12 55
12 59
12 60
12 69
12 77
12 78
12 85
12 86
12 89
12 92
12 93
12 98
12 112
12 118
12 121
12 122
12 123
12 125
12 126
12 127
12 130
12 131
12 134
12 136
12 139
12 142
13 16
13 21
13 22
13 26
13 29
13 33
13 34
13 36
13 39
13 43
13 45
13 46
13 48
13 53
13 62
13 66
13 67
13 69
13 72
13 91
13 96
13 97
13 99
13 103
13 104
13 105
13 106
13 108
13 117
13 118
13 119
13 122
13 124
13 129
13 132
13 133
13 135
13 146
13 147
14 18
14 19
14 22
14 23
14 24
14 25
14 26
14 27
14 29
14 31
14 33
14 34
14 35
14 36
14 40
14 43
14 44
14 47
14 48
14 53
14 56
14 57
14 59
14 60
14 62
14 64
14 75
14 76
14 77
14 78
14 79
14 80
14 82
14 83
14 85
14 86
14 87
14 91
14 95
14 98
14 100
14 105
14 106
14 109
14 113
14 119
14 130
14 131
14 135
14 138
14 141
14 142
14 144
14 145
14 146
15 16
15 18
15 21
15 23
15 24
15 29
15 30
15 31
15 33
15 36
15 40
15 47
15 48
15 51
15 53
15 56
15 57
15 59
15 64
15 66
15 70
15 72
15 77
15 80
15 85
15 86
15 91
15 93
15 96
15 105
15 114
15 119
15 120
15 123
15 128
15 129
15 133
15 134
15 135
15 142
15 145
16 19
16 20
16 30
16 36
16 43
16 44
16 46
16 56
16 70
16 73
16 74
16 75
16 76
16 83
16 86
16 87
16 88
16 92
16 98
16 99
16 101
16 107
16 109
16 111
16 114
16 125
16 131
16 133
16 137
16 138
16 139
16 141
16 148
16 149
17 20
17 25
17 30
17 33
17 44
17 46
17 47
17 55
17 57
17 58
17 61
17 62
17 66
17 67
17 71
17 73
17 74
17 88
17 91
17 92
17 94
17 96
17 98
17 99
17 102
17 104
17 109
17 120
17 131
17 134
17 136
17 137
17 140
17 146
17 148
18 21
18 24
18 27
18 28
18 29
18 43
18 52
18 54
18 57
18 58
18 65
18 70
18 71
18 78
18 79
18 80
18 81
18 89
18 91
18 104
18 105
18 113
18 120
18 122
18 123
18 125
18 126
18 127
18 128
18 130
18 134
18 136
18 137
18 142
18 149
19 21
19 22
19 29
19 32
19 34
19 36
19 42
19 46
19 53
19 56
19 57
19 59
19 66
19 70
19 74
19 75
19 76
19 77
19 87
19 90
19 92
19 96
19 98
19 107
19 110
19 111
19 115
19 120
19 122
19 128
19 132
19 133
19 134
19 138
19 142
19 146
19 148
19 149
20 30
20 36
20 42
20 43
20 45
20 48
20 49
20 50
20 51
20 53
20 57
20 59
20 62
20 64
20 66
20 68
20 70
20 71
20 73
20 74
20 75
20 76
20 78
20 79
20 87
20 91
20 97
20 99
20 101
20 105
20 109
20 113
20 114
20 115
20 116
20 119
20 133
20 135
20 137
20 140
20 145
20 146
21 22
21 26
21 29
21 35
21 37
21 39
21 40
21 41
21 42
21 44
21 47
21 49
21 52
21 53
21 55
21 56
21 60
21 67
21 70
21 79
21 80
21 83
21 87
21 90
21 92
21 104
21 111
21 112
21 113
21 115
21 118
21 120
21 127
21 128
21 134
21 140
22 26
22 27
22 32
22 35
22 40
22 45
22 52
22 58
22 59
22 61
22 66
22 68
22 70
22 75
22 84
22 93
22 94
22 95
22 96
22 98
22 99
22 104
22 112
22 114
22 119
22 123
22 127
22 129
22 137
22 139
22 141
22 142
22 145
23 26
23 28
23 30
23 31
23 32
23 35
23 37
23 40
23 45
23 52
23 53
23 54
23 57
23 59
23 65
23 66
23 69
23 76
23 79
23 89
23 92
23 93
23 94
23 99
23 107
23 110
23 111
23 113
23 116
23 123
23 125
23 131
23 132
23 133
23 134
23 142
24 26
24 27
24 30
24 33
24 37
24 38
24 39
24 41
24 43
24 50
24 51
24 52
24 53
24 54
24 59
24 60
24 61
24 62
24 64
24 67
24 71
24 74
24 79
24 87
24 89
24 90
24 93
24 98
24 103
24 104
24 106
24 112
24 114
24 119
24 120
24 123
24 125
24 129
24 133
24 134
24 136
24 138
24 142
24 146
24 148
25 31
25 34
25 37
25 42
25 45
25 47
25 48
25 49
25 55
25 58
25 60
25 64
25 68
25 78
25 95
25 98
25 99
25 101
25 104
25 106
25 116
25 119
25 120
25 126
25 127
25 128
25 130
25 135
25 139
25 141
25 142
25 143
25 145
25 148
25 149
26 28
26 29
26 31
26 37
26 39
26 42
26 43
26 44
26 47
26 48
26 51
26 55
26 62
26 65
26 70
26 78
26 87
26 91
26 98
26 100
26 102
26 104
26 106
26 113
26 119
26 121
26 127
26 128
26 129
26 130
26 134
26 137
26 139
26 140
26 141
27 31
27 33
27 38
27 41
27 51
27 53
27 54
27 62
27 63
27 68
27 69
27 72
27 76
27 79
27 83
27 93
27 97
27 101
27 102
27 104
27 119
27 120
27 121
27 123
27 131
27 143
27 145
27 149
28 36
28 37
28 39
28 51
28 53
28 55
28 56
28 64
28 66
28 68
28 83
28 84
28 86
28 90
28 92
28 108
28 112
28 116
28 123
28 139
28 142
28 143
28 147
29 38
29 41
29 51
29 52
29 53
29 58
29 63
29 66
29 68
29 83
29 88
29 94
29 97
29 102
29 106
29 109
29 112
29 114
29 118
29 119
29 128
29 129
29 132
29 138
29 144
29 146
29 148
30 31
30 34
30 35
30 36
30 38
30 48
30 50
30 52
30 54
30 55
30 57
30 58
30 61
30 65
30 66
30 76
30 83
30 89
30 90
30 98
30 102
30 103
30 104
30 108
30 112
30 113
30 114
30 116
30 124
30 128
30 129
30 130
30 140
30 146
30 147
31 37
31 40
31 42
31 46
31 52
31 54
31 62
31 64
31 70
31 71
31 72
31 73
31 76
31 77
31 80
31 81
31 83
31 84
31 90
31 91
31 92
31 96
31 106
31 109
31 110
31 115
31 117
31 124
31 128
31 131
31 132
31 133
31 137
31 142
31 149
32 35
32 36
32 38
32 42
32 44
32 47
32 50
32 58
32 60
32 63
32 65
32 70
32 71
32 75
32 78
32 80
32 84
32 85
32 86
32 87
32 89
32 93
32 98
32 99
32 101
32 104
32 105
32 111
32 116
32 117
32 126
32 127
32 131
32 135
32 137
32 143
32 144
32 145
32 147
32 149
33 43
33 46
33 51
33 56
33 58
33 61
33 64
33 66
33 67
33 71
33 78
33 79
33 84
33 87
33 94
33 95
33 102
33 103
33 110
33 120
33 124
33 129
33 133
33 137
33 139
33 141
33 144
33 149
34 35
34 37
34 38
34 40
34 43
34 45
34 47
34 52
34 54
34 55
34 56
34 57
34 60
34 62
34 63
34 66
34 67
34 72
34 76
34 79
34 80
34 83
34 86
34 89
34 96
34 101
34 110
34 112
34 114
34 115
34 116
34 119
34 121
34 122
34 126
34 127
34 131
34 134
34 135
34 139
34 141
34 143
35 37
35 43
35 44
35 45
35 46
35 48
35 54
35 55
35 56
35 57
35 62
35 63
35 64
35 69
35 71
35 73
35 75
35 76
35 79
35 80
35 83
35 84
35 86
35 91
35 92
35 96
35 97
35 99
35 100
35 103
35 104
35 105
35 106
35 113
35 114
35 116
35 117
35 118
35 120
35 123
35 135
35 138
35 139
35 140
35 141
35 149
36 37
36 38
36 42
36 44
36 47
36 50
36 52
36 54
36 58
36 61
36 64
36 66
36 67
36 68
36 70
36 71
36 74
36 75
36 78
36 79
36 81
36 89
36 91
36 94
36 99
36 100
36 102
36 112
36 116
36 118
36 119
36 120
36 122
36 123
36 124
36 125
36 127
36 129
36 130
36 135
36 145
37 42
37 54
37 65
37 68
37 70
37 71
37 78
37 79
37 83
37 86
37 88
37 91
37 99
37 101
37 106
37 109
37 114
37 125
37 132
37 134
37 137
37 139
37 140
37 144
37 149
38 50
38 53
38 61
38 65
38 76
38 80
38 84
38 87
38 89
38 92
38 101
38 103
38 104
38 106
38 109
38 110
38 119
38 122
38 123
38 126
38 128
38 136
38 138
38 142
38 144
38 149
39 42
39 43
39 50
39 51
39 52
39 54
39 60
39 65
39 66
39 67
39 68
39 75
39 76
39 80
39 82
39 87
39 93
39 99
39 105
39 106
39 108
39 112
39 114
39 115
39 124
39 135
39 142
39 143
39 147
39 148
40 44
40 48
40 49
40 50
40 51
40 55
40 56
40 58
40 65
40 70
40 75
40 76
40 83
40 85
40 86
40 88
40 90
40 92
40 94
40 98
40 104
40 109
40 111
40 112
40 113
40 115
40 117
40 119
40 120
40 127
40 129
40 131
40 134
40 137
40 143
40 146
41 43
41 48
41 55
41 57
41 59
41 61
41 62
41 68
41 69
41 73
41 76
41 79
41 84
41 85
41 86
41 87
41 96
41 103
41 109
41 115
41 116
41 121
41 126
41 133
41 135
41 140
41 141
41 142
41 147
41 149
42 43
42 46
42 49
42 52
42 62
42 63
42 74
42 75
42 78
42 82
42 83
42 87
42 91
42 94
42 95
42 100
42 102
42 103
42 106
42 111
42 112
42 116
42 118
42 122
42 123
42 124
42 128
42 135
42 140
42 142
43 45
43 47
43 48
43 51
43 52
43 55
43 58
43 61
43 63
43 71
43 74
43 78
43 83
43 84
43 90
43 91
43 93
43 95
43 99
43 103
43 106
43 107
43 109
43 112
43 115
43 123
43 124
43 125
43 127
43 128
43 130
43 131
43 134
43 139
43 143
43 149
44 45
44 48
44 59
44 61
44 64
44 73
44 79
44 81
44 90
44 93
44 95
44 97
44 102
44 104
44 110
44 111
44 114
44 117
44 119
44 125
44 134
44 137
44 139
44 140
44 145
44 146
44 149
45 48
45 53
45 54
45 56
45 58
45 62
45 66
45 67
45 71
45 79
45 90
45 94
45 95
45 102
45 103
45 113
45 115
45 126
45 137
45 141
46 49
46 66
46 80
46 89
46 102
46 103
46 105
46 106
46 107
46 110
46 112
46 113
46 114
46 116
46 117
46 118
46 124
46 126
46 128
46 132
46 133
46 134
46 135
46 136
46 137
46 138
46 140
46 141
46 143
46 145
46 147
46 148
47 48
47 54
47 58
47 65
47 72
47 73
47 74
47 77
47 80
47 82
47 88
47 90
47 91
47 94
47 95
47 97
47 98
47 103
47 110
47 111
47 113
47 118
47 120
47 124
47 132
47 136
47 137
47 140
47 143
47 148
48 49
48 53
48 54
48 55
48 56
48 57
48 58
48 59
48 63
48 66
48 72
48 79
48 81
48 86
48 87
48 90
48 91
48 99
48 104
48 105
48 109
48 114
48 119
48 122
48 124
48 125
48 126
48 127
48 128
48 130
48 131
48 135
48 136
48 143
48 147
49 50
49 56
49 57
49 58
49 62
49 66
49 67
49 72
49 75
49 88
49 89
49 90
49 92
49 93
49 95
49 99
49 109
49 114
49 117
49 119
49 127
49 132
49 135
49 138
49 140
49 145
50 55
50 58
50 59
50 61
50 63
50 67
50 87
50 88
50 89
50 90
50 92
50 93
50 101
50 103
50 104
50 105
50 107
50 109
50 110
50 115
50 116
50 118
50 122
50 127
50 129
50 136
50 138
50 141
50 142
50 143
50 144
50 148
50 149
51 57
51 61
51 63
51 65
51 69
51 72
51 73
51 75
51 76
51 79
51 84
51 86
51 88
51 101
51 104
51 105
51 106
51 108
51 116
51 117
51 118
51 120
51 121
51 129
51 132
51 136
51 139
51 143
52 57
52 58
52 61
52 62
52 63
52 85
52 86
52 88
52 93
52 95
52 99
52 100
52 102
52 105
52 106
52 112
52 119
52 129
52 131
52 135
52 136
52 137
52 145
52 146
52 149
53 55
53 57
53 59
53 61
53 64
53 67
53 75
53 76
53 77
53 84
53 91
53 95
53 97
53 101
53 103
53 108
53 112
53 129
53 130
53 139
53 141
53 145
53 147
53 149
54 57
54 59
54 62
54 67
54 71
54 78
54 84
54 85
54 89
54 94
54 97
54 98
54 101
54 103
54 104
54 106
54 109
54 116
54 120
54 122
54 125
54 132
54 139
54 141
54 142
54 146
54 148
55 56
55 58
55 61
55 62
55 67
55 69
55 73
55 82
55 85
55 86
55 89
55 92
55 93
55 98
55 118
55 120
55 127
55 135
55 137
55 139
56 57
56 62
56 66
56 69
56 78
56 79
56 80
56 86
56 88
56 89
56 90
56 92
56 95
56 101
56 108
56 110
56 114
56 116
56 118
56 121
56 123
56 128
56 132
56 133
56 135
56 143
56 145
57 60
57 61
57 65
57 67
57 70
57 71
57 83
57 84
57 85
57 87
57 92
57 104
57 109
57 113
57 121
57 123
57 125
57 126
57 129
57 130
57 131
57 132
57 133
57 134
57 135
57 136
57 138
57 139
57 141
57 143
57 148
58 60
58 64
58 65
58 67
58 68
58 71
58 75
58 76
58 78
58 80
58 81
58 87
58 93
58 103
58 108
58 109
58 110
58 113
58 114
58 117
58 119
58 126
58 134
58 135
58 140
58 143
58 146
58 148
59 62
59 65
59 67
59 70
59 78
59 83
59 84
59 87
59 89
59 93
59 95
59 97
59 103
59 105
59 107
59 114
59 117
59 119
59 123
59 129
59 130
59 131
59 134
59 136
59 138
59 140
59 142
59 145
59 146
59 147
59 148
60 61
60 65
60 72
60 74
60 76
60 80
60 83
60 86
60 87
60 92
60 98
60 101
60 103
60 118
60 121
60 123
60 124
60 125
60 128
60 133
60 136
60 139
60 145
60 149
61 62
61 63
61 64
61 69
61 72
61 73
61 74
61 78
61 89
61 93
61 95
61 102
61 103
61 111
61 112
61 115
61 118
61 121
61 122
61 123
61 133
61 134
61 138
61 143
61 148
62 63
62 64
62 74
62 79
62 80
62 90
62 95
62 105
62 109
62 118
62 122
62 125
62 126
62 129
62 130
62 131
62 134
62 137
62 142
62 145
62 146
62 149
63 65
63 68
63 70
63 72
63 74
63 75
63 86
63 99
63 105
63 109
63 110
63 112
63 114
63 115
63 123
63 128
63 133
63 137
63 139
63 142
63 143
63 148
64 65
64 67
64 69
64 70
64 71
64 75
64 77
64 79
64 80
64 83
64 84
64 85
64 92
64 94
64 99
64 103
64 108
64 110
64 113
64 115
64 119
64 121
64 122
64 123
64 125
64 129
64 133
64 134
64 139
64 145
65 66
65 77
65 78
65 79
65 83
65 86
65 88
65 89
65 93
65 95
65 97
65 98
65 99
65 101
65 102
65 112
65 115
65 116
65 121
65 124
65 130
65 134
65 139
65 142
66 67
66 70
66 75
66 77
66 79
66 81
66 82
66 85
66 86
66 96
66 97
66 98
66 99
66 103
66 106
66 107
66 110
66 112
66 113
66 122
66 127
66 130
66 131
66 134
66 141
66 142
67 68
67 82
67 84
67 86
67 87
67 92
67 97
67 99
67 101
67 107
67 108
67 114
67 120
67 123
67 127
67 129
67 131
67 135
67 141
67 143
67 148
68 73
68 76
68 79
68 81
68 85
68 90
68 91
68 94
68 96
68 98
68 100
68 101
68 104
68 111
68 119
68 124
68 129
68 133
68 138
68 139
68 141
68 143
68 148
68 149
69 70
69 74
69 76
69 82
69 83
69 87
69 90
69 91
69 92
69 95
69 97
69 102
69 104
69 105
69 106
69 107
69 109
69 111
69 113
69 118
69 119
69 125
69 126
69 127
69 128
69 131
69 133
69 136
69 137
69 143
69 149
70 77
70 83
70 87
70 92
70 96
70 97
70 100
70 103
70 104
70 114
70 118
70 126
70 133
70 139
70 144
70 145
70 147
71 75
71 76
71 77
71 79
71 82
71 88
71 91
71 95
71 107
71 113
71 119
71 121
71 137
71 144
71 145
71 146
72 74
72 76
72 77
72 82
72 86
72 91
72 93
72 98
72 112
72 118
72 122
72 128
72 130
72 131
72 133
72 137
72 138
72 140
72 143
72 144
72 146
73 75
73 77
73 78
73 79
73 80
73 82
73 89
73 93
73 95
73 97
73 104
73 106
73 109
73 113
73 114
73 116
73 118
73 120
73 122
73 123
73 124
73 126
73 140
73 146
73 148
74 75
74 78
74 87
74 93
74 94
74 96
74 98
74 99
74 100
74 103
74 104
74 106
74 108
74 110
74 111
74 120
74 121
74 126
74 128
74 129
74 131
74 132
74 136
74 140
74 141
74 142
74 148
75 76
75 79
75 80
75 82
75 87
75 95
75 101
75 104
75 110
75 112
75 113
75 114
75 123
75 124
75 125
75 128
75 131
75 132
75 137
75 139
75 141
75 145
76 80
76 81
76 85
76 88
76 95
76 101
76 104
76 114
76 116
76 119
76 121
76 125
76 128
76 130
76 134
76 137
76 138
76 139
76 146
77 78
77 79
77 82
77 83
77 87
77 88
77 92
77 93
77 98
77 100
77 104
77 107
77 109
77 112
77 123
77 124
77 125
77 133
77 135
77 137
77 138
77 139
77 142
78 81
78 84
78 89
78 93
78 94
78 95
78 96
78 98
78 99
78 100
78 101
78 105
78 112
78 113
78 114
78 118
78 123
78 128
78 129
78 131
78 135
78 136
78 142
78 149
79 83
79 85
79 87
79 90
79 100
79 103
79 111
79 113
79 117
79 118
79 120
79 123
79 127
79 132
79 133
79 135
79 137
79 139
79 140
79 142
79 145
80 82
80 88
80 89
80 92
80 96
80 98
80 99
80 104
80 108
80 113
80 120
80 125
80 127
80 129
80 130
80 131
80 136
80 144
80 149
81 86
81 89
81 92
81 99
81 102
81 103
81 110
81 116
81 117
81 121
81 131
81 132
81 134
81 136
81 143
81 144
81 145
81 146
81 147
81 148
82 84
82 87
82 92
82 95
82 99
82 100
82 101
82 102
82 108
82 109
82 115
82 123
82 124
82 125
82 126
82 129
82 133
82 134
83 87
83 88
83 92
83 97
83 99
83 103
83 113
83 117
83 123
83 125
83 131
83 133
83 136
83 137
83 138
84 86
84 89
84 94
84 96
84 101
84 102
84 108
84 109
84 112
84 115
84 116
84 117
84 119
84 121
84 127
84 130
84 133
84 134
84 136
84 138
84 141
84 144
84 145
85 88
85 92
85 93
85 98
85 99
85 107
85 108
85 112
85 119
85 120
85 123
85 124
85 125
85 127
85 132
85 133
85 134
85 137
85 142
85 146
85 147
86 87
86 97
86 99
86 100
86 102
86 104
86 111
86 115
86 120
86 128
86 130
86 132
86 133
86 134
86 137
86 141
86 142
86 143
86 144
86 145
87 91
87 93
87 95
87 97
87 103
87 104
87 105
87 115
87 117
87 119
87 120
87 128
87 133
87 134
87 135
87 139
87 141
88 90
88 96
88 97
88 98
88 100
88 104
88 106
88 108
88 109
88 111
88 122
88 130
88 133
88 135
88 136
88 139
88 141
88 142
88 148
89 93
89 106
89 108
89 109
89 114
89 115
89 117
89 119
89 120
89 122
89 123
89 124
89 127
89 130
89 136
89 140
89 143
89 146
89 147
89 148
89 149
90 91
90 105
90 116
90 118
90 123
90 126
90 131
90 134
90 136
90 139
90 143
90 147
90 149
91 92
91 105
91 107
91 108
91 109
91 110
91 113
91 114
91 125
91 128
91 129
91 131
91 136
91 148
92 94
92 96
92 98
92 99
92 102
92 103
92 105
92 106
92 110
92 113
92 114
92 118
92 123
92 126
92 130
92 136
92 138
92 141
92 142
92 144
93 104
93 105
93 108
93 109
93 110
93 115
93 120
93 121
93 125
93 129
93 134
93 137
93 140
93 142
93 146
93 148
94 97
94 98
94 99
94 105
94 109
94 113
94 114
94 115
94 116
94 125
94 127
94 132
94 136
94 138
94 139
94 143
95 100
95 102
95 106
95 108
95 112
95 119
95 122
95 128
95 130
95 132
95 133
95 137
95 140
95 143
95 146
95 147
96 100
96 102
96 105
96 108
96 110
96 111
96 116
96 118
96 124
96 125
96 126
96 132
96 133
96 134
96 135
96 138
96 139
96 149
97 101
97 104
97 107
97 113
97 121
97 123
97 129
97 132
97 133
97 141
97 142
97 144
97 146
97 147
97 148
97 149
98 101
98 104
98 116
98 120
98 124
98 126
98 127
98 129
98 132
98 134
98 138
98 140
98 147
99 102
99 104
99 108
99 110
99 116
99 118
99 119
99 122
99 125
99 129
99 131
99 133
99 136
99 137
99 140
99 141
99 145
99 147
100 101
100 104
100 107
100 112
100 113
100 116
100 117
100 119
100 124
100 129
100 138
100 139
100 140
100 142
100 143
100 144
100 146
100 148
101 110
101 114
101 115
101 116
101 119
101 124
101 126
101 129
101 130
101 131
101 132
101 134
101 136
102 105
102 106
102 107
102 111
102 112
102 114
102 117
102 121
102 125
102 126
102 128
102 129
102 130
102 137
103 104
103 105
103 109
103 111
103 114
103 115
103 116
103 123
103 125
103 128
103 131
103 139
103 143
103 148
104 107
104 108
104 109
104 110
104 114
104 116
104 117
104 120
104 122
104 123
104 124
104 126
104 130
104 132
104 135
104 137
104 140
104 142
104 146
104 149
105 111
105 113
105 114
105 115
105 120
105 121
105 129
105 131
105 133
105 136
105 144
105 148
105 149
106 116
106 123
106 124
106 129
106 137
106 139
106 140
106 142
107 109
107 110
107 111
107 116
107 121
107 125
107 127
107 128
107 132
107 137
107 138
108 110
108 111
108 117
108 119
108 125
108 126
108 128
108 131
108 132
108 134
108 140
108 143
108 146
109 110
109 111
109 112
109 116
109 118
109 120
109 122
109 125
109 133
109 135
109 138
109 140
109 141
109 145
109 147
110 111
110 114
110 116
110 124
110 133
110 134
110 135
110 139
110 140
110 143
110 145
110 146
111 112
111 113
111 114
111 115
111 116
111 125
111 130
111 131
111 134
111 138
111 140
112 113
112 114
112 115
112 120
112 122
112 126
112 128
112 129
112 130
112 131
112 135
112 136
112 138
112 140
113 122
113 127
113 130
113 132
113 135
113 137
113 139
113 143
113 149
114 116
114 121
114 123
114 127
114 128
114 129
114 130
114 132
114 133
114 140
114 143
114 149
115 117
115 120
115 124
115 130
115 133
115 135
115 136
115 139
115 146
115 149
116 120
116 123
116 128
116 131
116 133
116 141
116 148
116 149
117 120
117 125
117 135
117 142
117 143
117 145
117 147
118 121
118 124
118 125
118 128
118 129
118 130
118 131
118 136
118 138
118 140
118 149
119 121
119 131
119 133
119 135
119 139
119 142
119 143
119 144
119 145
119 146
120 121
120 124
120 125
120 127
120 128
120 131
120 132
120 139
120 140
120 143
120 147
120 148
121 122
121 124
121 127
121 128
121 134
121 137
121 139
121 141
121 149
122 123
122 126
122 131
122 138
122 139
122 140
122 143
122 145
122 146
123 124
123 129
123 131
123 135
123 136
123 137
123 138
123 143
123 146
123 147
123 148
124 127
124 129
124 130
124 131
124 134
124 136
124 138
124 140
125 127
125 129
125 133
125 134
125 138
125 140
125 141
125 143
125 144
125 145
126 127
126 128
126 129
126 130
126 142
126 146
126 149
127 130
127 144
127 148
128 133
128 136
128 137
128 139
128 140
128 141
128 143
128 144
128 148
128 149
129 130
129 132
129 134
129 135
129 143
130 134
130 137
130 142
130 143
130 144
130 148
130 149
131 135
131 136
131 144
131 145
131 146
132 134
132 135
132 139
132 140
132 142
132 149
133 134
134 136
134 137
134 141
134 142
134 144
134 145
134 146
134 147
135 137
135 144
135 145
136 145
136 146
137 144
137 147
138 142
138 144
138 149
139 140
139 145
139 146
140 141
140 143
140 145
141 148
142 145
142 146
142 148
143 144
144 145
144 148
145 146
145 149
146 149