50
357
0 0.81
1 0.39
2 0.78
3 0.06
4 0.26
5 0.61
6 0.03
7 0.64
8 0.48
9 0.04
10 0.34
11 0.91
12 0.45
13 0.91
14 0.54
15 0.40
16 0.59
17 0.47
18 0.38
19 0.07
20 0.08
21 0.53
22 0.59
23 0.66
24 0.87
25 0.31
26 0.10
27 0.18
28 0.46
29 0.19
30 0.69
31 0.13
32 0.77
33 0.60
34 0.80
35 0.72
36 0.97
37 0.10
38 0.58
39 0.08
40 0.38
41 0.51
42 0.56
43 0.07
44 0.28
45 0.90
46 0.62
47 0.02
48 0.41
49 1.00
0 3
0 4
0 5
0 11
0 14
0 15
0 16
0 20
0 21
0 22
0 25
0 26
0 28
0 34
0 36
0 41
1 2
1 3
1 7
1 10
1 19
1 20
1 23
1 26
1 31
1 35
1 36
1 40
2 4
2 8
2 11
2 19
2 25
2 30
2 33
2 43
2 48
2 49
3 4
3 7
3 11
3 13
3 22
3 24
3 28
3 33
3 34
3 37
3 38
3 45
4 5
4 14
4 15
4 19
4 20
4 24
4 25
4 37
4 41
4 46
5 6
5 9
5 12
5 14
5 19
5 20
5 21
5 26
5 31
5 32
5 33
5 37
5 38
5 42
5 46
5 47
5 49
6 9
6 14
6 15
6 19
6 25
6 27
6 28
6 33
6 37
6 38
6 39
6 43
6 45
6 47
6 49
7 9
7 10
7 15
7 20
7 22
7 23
7 24
7 27
7 31
7 32
7 38
7 41
7 42
7 45
8 14
8 16
8 25
8 29
8 30
8 32
8 35
8 36
8 37
8 39
8 41
9 13
9 19
9 20
9 23
9 25
9 27
10 24
10 27
10 29
10 31
10 32
10 36
10 37
10 41
10 43
10 46
10 48
10 49
11 13
11 19
11 22
11 26
11 27
11 35
11 40
11 44
11 46
12 13
12 14
12 23
12 28
12 29
12 30
12 31
12 33
12 38
12 40
13 17
13 19
13 20
13 23
13 24
13 27
13 29
13 32
13 42
13 43
13 49
14 27
14 29
14 33
14 38
14 40
14 42
14 47
14 49
15 19
15 21
15 22
15 24
15 28
15 29
15 33
15 34
15 38
15 42
15 43
15 44
15 48
16 18
16 20
16 27
16 29
16 31
16 40
16 41
16 45
16 46
16 49
17 18
17 20
17 23
17 25
17 33
17 36
17 37
17 39
17 44
17 48
17 49
18 21
18 24
18 25
18 26
18 31
18 32
18 33
18 34
18 40
18 41
18 42
18 44
18 46
19 21
19 22
19 29
19 32
19 37
19 48
20 23
20 24
20 27
20 30
20 33
20 36
20 42
20 43
20 44
20 45
20 47
20 48
21 23
21 34
21 35
21 37
21 38
21 40
21 48
22 25
22 26
22 44
23 25
23 28
23 29
23 30
23 33
23 35
23 37
23 38
23 39
23 44
23 46
23 48
24 26
24 30
24 33
24 41
24 45
24 47
24 48
25 26
25 37
25 40
25 43
26 28
26 29
26 30
26 31
26 33
26 36
26 39
26 41
26 44
26 46
26 48
27 30
27 31
27 37
27 38
27 41
27 42
27 43
27 44
27 46
27 48
27 49
28 29
28 33
28 35
28 36
28 38
28 40
29 31
29 34
29 36
29 39
29 40
29 41
29 42
29 48
30 31
30 32
30 33
30 36
30 42
30 44
31 34
31 36
31 38
31 46
31 49
32 33
32 34
32 43
33 34
33 37
33 38
33 40
33 42
33 46
33 48
33 49
34 38
34 41
34 42
34 44
34 46
35 36
36 38
36 49
37 42
37 45
37 46
37 47
38 47
39 41
39 49
40 44
40 45
40 47
40 48
41 43
42 44
43 46
44 46
44 48
45 47
46 47
46 49
47 49