100
521
0 0.33
1 0.66
2 0.95
3 0.66
4 0.22
5 0.27
6 0.85
7 0.47
8 0.50
9 0.16
10 0.96
11 0.26
12 0.63
13 0.24
14 0.54
15 0.40
16 0.51
17 0.74
18 0.31
19 0.71
20 0.56
21 0.98
22 0.37
23 0.29
24 0.58
25 0.81
26 0.03
27 0.85
28 0.53
29 0.87
30 0.93
31 0.88
32 0.72
33 0.03
34 0.33
35 0.09
36 0.13
37 0.67
38 0.67
39 0.29
40 0.43
41 0.20
42 0.18
43 0.29
44 0.84
45 0.35
46 0.06
47 0.06
48 0.92
49 0.75
50 0.01
51 0.91
52 0.28
53 0.15
54 0.63
55 0.45
56 0.72
57 0.49
58 0.30
59 0.37
60 0.79
61 0.30
62 0.16
63 0.92
64 0.65
65 0.10
66 0.10
67 0.55
68 0.32
69 0.11
70 0.97
71 0.03
72 0.53
73 0.72
74 0.10
75 0.22
76 0.39
77 0.85
78 0.55
79 0.72
80 0.33
81 0.51
82 0.38
83 0.98
84 0.86
85 0.63
86 0.53
87 0.69
88 0.23
89 0.25
90 0.43
91 0.52
92 0.36
93 0.67
94 0.02
95 0.94
96 0.15
97 0.77
98 0.19
99 0.37
0 6
0 25
0 44
0 56
0 58
0 93
0 98
0 99
1 10
1 12
1 16
1 40
1 48
1 68
1 73
1 82
1 89
2 9
2 11
2 12
2 14
2 17
2 20
2 25
2 30
2 40
2 50
2 63
2 74
2 97
3 8
3 36
3 43
3 63
3 65
3 84
3 86
4 13
4 27
4 45
4 58
4 61
4 95
5 9
5 25
5 26
5 53
5 79
5 88
6 14
6 19
6 20
6 29
6 30
6 46
6 47
6 53
6 75
6 85
6 86
6 91
6 96
7 9
7 12
7 13
7 30
7 36
7 40
7 57
7 68
7 82
7 86
7 90
7 92
8 22
8 32
8 39
8 60
8 62
8 82
8 90
8 91
8 93
9 10
9 14
9 22
9 34
9 51
9 52
9 70
9 71
9 79
9 85
9 94
10 19
10 20
10 23
10 31
10 36
10 40
10 53
10 57
10 66
10 74
10 92
10 95
11 42
11 71
11 83
12 40
12 44
12 50
12 55
12 67
12 80
12 88
12 89
12 91
13 21
13 23
13 42
13 45
13 55
13 58
13 72
13 79
13 84
13 95
13 98
14 21
14 28
14 44
14 54
14 75
14 85
15 28
15 37
15 43
15 44
15 46
15 53
15 75
15 79
15 85
15 87
15 90
16 20
16 30
16 36
16 68
16 86
17 28
17 39
17 47
17 49
17 50
17 55
17 58
17 76
17 81
17 85
17 91
17 99
18 25
18 30
18 37
18 77
18 89
19 37
19 50
19 52
19 58
19 63
19 76
19 85
19 93
19 97
20 31
20 32
20 51
20 80
20 93
21 71
21 77
21 88
21 90
21 91
22 25
22 31
22 33
22 34
22 37
22 45
22 56
22 81
22 87
22 93
22 94
23 24
23 28
23 38
23 54
23 58
23 60
23 83
23 85
23 86
23 93
24 40
24 52
24 59
24 72
24 73
24 95
25 43
25 52
25 53
25 55
25 61
25 75
25 91
25 92
25 94
26 32
26 37
26 52
26 60
26 64
26 66
26 78
26 83
26 95
27 39
27 40
27 45
27 54
27 72
27 86
27 99
28 37
28 40
28 45
28 46
28 49
28 58
28 59
28 94
29 48
29 56
29 59
29 65
29 76
29 90
30 36
30 42
30 47
30 55
30 63
30 75
30 86
30 97
30 98
31 32
31 38
31 39
31 48
31 55
31 57
31 61
31 69
31 82
31 83
31 88
32 37
32 74
32 89
33 43
33 66
33 67
33 91
33 93
34 53
34 62
34 69
34 70
34 74
34 86
34 88
34 95
35 54
35 55
35 57
35 83
35 85
35 89
36 44
36 47
36 49
36 74
36 79
37 47
37 64
37 71
37 83
37 87
37 92
38 41
38 44
38 51
38 60
38 62
38 65
38 69
38 74
38 92
39 40
39 45
39 46
39 53
39 57
39 62
39 65
39 76
39 80
39 85
40 53
40 59
40 67
40 73
40 77
40 82
40 90
41 44
41 49
41 64
41 71
41 83
41 85
41 88
41 97
42 43
42 46
42 53
42 56
42 63
42 64
42 66
42 94
43 47
43 71
43 75
44 45
44 47
44 62
44 64
44 67
44 89
44 97
44 98
45 57
45 80
45 89
45 91
45 93
46 47
46 60
46 62
46 90
46 99
47 54
47 59
47 69
47 71
47 75
47 89
47 96
48 58
48 64
48 76
48 78
48 92
49 53
50 51
50 52
50 62
50 64
50 65
50 66
50 73
50 76
50 79
50 86
51 62
51 71
51 85
51 96
52 94
53 60
53 62
53 68
53 77
53 84
53 98
54 59
54 71
54 79
54 92
54 95
56 72
56 78
56 85
57 58
57 60
57 64
57 65
57 77
57 85
58 72
58 88
58 99
59 62
59 67
59 84
59 88
59 96
60 73
60 77
60 83
60 87
60 88
60 92
61 84
61 90
62 67
63 66
63 81
63 88
63 95
64 68
64 75
64 79
64 81
64 85
64 89
64 91
65 69
65 77
65 78
65 81
65 86
65 91
65 95
66 79
66 81
66 82
66 83
66 92
67 96
68 72
68 76
68 81
68 85
68 89
70 81
70 83
70 90
70 91
71 75
71 77
71 80
71 82
71 83
71 84
71 89
71 95
72 87
73 74
73 75
73 83
73 95
74 76
74 82
74 93
74 96
75 77
76 83
76 85
77 83
77 87
77 90
77 94
78 80
78 84
78 85
78 88
79 85
79 93
79 94
79 96
80 88
81 84
81 86
81 98
82 90
82 97
83 85
83 89
84 94
84 99
85 86
85 98
86 96
86 97
87 90
87 91
87 95
88 98
89 98
90 92
90 96
96 98