200
2007
0 0.48
1 0.73
2 0.97
3 0.59
4 0.79
5 0.92
6 0.09
7 0.17
8 0.20
9 0.55
10 0.73
11 0.34
12 0.63
13 0.44
14 0.16
15 0.60
16 0.83
17 0.95
18 0.92
19 0.88
20 0.80
21 0.25
22 0.29
23 0.56
24 0.00
25 0.48
26 0.22
27 0.28
28 0.02
29 0.46
30 0.50
31 0.13
32 0.86
33 0.32
34 0.02
35 0.58
36 0.90
37 0.77
38 0.50
39 0.88
40 0.28
41 0.94
42 0.24
43 0.59
44 0.11
45 0.81
46 0.08
47 0.92
48 0.35
49 0.53
50 0.25
51 0.51
52 0.23
53 0.31
54 0.78
55 0.75
56 0.53
57 0.21
58 0.23
59 0.05
60 0.27
61 0.98
62 0.43
63 0.21
64 0.31
65 0.53
66 0.76
67 0.24
68 0.26
69 0.72
70 0.51
71 0.62
72 0.25
73 0.76
74 0.18
75 0.56
76 0.92
77 0.95
78 0.99
79 0.93
80 0.48
81 0.78
82 0.08
83 0.89
84 0.62
85 0.84
86 0.39
87 0.22
88 0.79
89 0.28
90 0.80
91 0.83
92 0.83
93 0.39
94 0.56
95 0.02
96 0.11
97 0.23
98 0.87
99 0.28
100 0.68
101 0.35
102 0.64
103 0.21
104 0.71
105 0.33
106 0.35
107 0.29
108 0.31
109 0.74
110 0.02
111 0.66
112 0.25
113 0.54
114 0.74
115 0.83
116 0.32
117 0.27
118 0.71
119 0.44
120 0.80
121 0.34
122 0.21
123 0.47
124 0.24
125 0.87
126 0.88
127 0.79
128 0.63
129 0.71
130 0.07
131 0.85
132 0.40
133 0.37
134 0.03
135 0.69
136 0.35
137 0.67
138 0.55
139 0.26
140 0.73
141 0.60
142 0.05
143 0.20
144 0.59
145 0.02
146 0.65
147 0.71
148 0.76
149 0.64
150 0.42
151 0.42
152 0.88
153 0.43
154 0.40
155 0.83
156 0.97
157 0.26
158 0.14
159 0.90
160 0.94
161 0.49
162 0.60
163 0.63
164 0.48
165 0.77
166 0.69
167 0.24
168 0.88
169 0.19
170 0.18
171 0.16
172 0.24
173 0.53
174 0.36
175 0.89
176 0.32
177 0.07
178 0.80
179 0.59
180 0.25
181 0.11
182 0.25
183 0.94
184 0.30
185 0.17
186 0.88
187 0.42
188 0.23
189 0.78
190 0.65
191 0.84
192 0.92
193 0.65
194 0.73
195 0.27
196 0.90
197 0.67
198 0.50
199 0.59
0 6
0 8
0 16
0 20
0 33
0 36
0 37
0 38
0 49
0 57
0 58
0 68
0 74
0 92
0 100
0 107
0 115
0 127
0 136
0 145
0 146
0 192
0 194
0 199
1 4
1 7
1 9
1 15
1 25
1 30
1 44
1 50
1 59
1 77
1 94
1 114
1 115
1 117
1 124
1 139
1 177
1 179
1 190
1 191
2 6
2 10
2 13
2 28
2 35
2 38
2 41
2 46
2 53
2 60
2 66
2 72
2 94
2 109
2 110
2 148
2 161
2 168
2 176
3 7
3 27
3 32
3 57
3 74
3 78
3 79
3 83
3 111
3 117
3 136
3 165
3 169
3 170
3 189
3 194
4 21
4 25
4 54
4 61
4 67
4 71
4 79
4 82
4 83
4 85
4 120
4 126
4 150
4 153
4 160
4 163
4 169
4 190
4 196
5 6
5 30
5 47
5 49
5 71
5 78
5 79
5 94
5 98
5 100
5 101
5 108
5 138
5 142
5 155
5 160
5 168
5 172
5 183
5 195
6 18
6 22
6 26
6 39
6 40
6 49
6 88
6 95
6 100
6 103
6 106
6 120
6 128
6 166
6 167
6 186
6 191
6 193
6 194
6 195
7 21
7 26
7 50
7 53
7 64
7 69
7 70
7 92
7 96
7 97
7 100
7 101
7 131
7 156
7 161
7 181
7 195
7 196
8 31
8 33
8 57
8 58
8 59
8 71
8 72
8 74
8 100
8 103
8 104
8 108
8 118
8 119
8 130
8 145
8 153
8 164
8 172
8 179
8 180
8 199
9 23
9 25
9 36
9 42
9 52
9 90
9 110
9 124
9 126
9 136
9 145
9 152
9 161
9 162
9 168
9 194
10 19
10 25
10 28
10 31
10 33
10 48
10 49
10 52
10 85
10 90
10 117
10 118
10 119
10 127
10 133
10 156
10 176
10 178
10 181
10 186
11 23
11 30
11 36
11 51
11 63
11 64
11 67
11 73
11 76
11 81
11 83
11 104
11 116
11 125
11 157
12 13
12 24
12 32
12 37
12 59
12 62
12 70
12 97
12 104
12 109
12 110
12 111
12 120
12 130
12 132
12 152
12 160
12 185
13 24
13 65
13 68
13 95
13 96
13 131
13 142
13 147
13 148
13 157
13 167
13 173
13 181
13 183
13 194
13 199
14 36
14 41
14 46
14 52
14 56
14 76
14 88
14 94
14 115
14 144
14 149
14 155
14 199
15 21
15 22
15 50
15 51
15 52
15 61
15 62
15 63
15 67
15 72
15 83
15 85
15 88
15 95
15 98
15 107
15 118
15 125
15 131
15 152
15 154
15 164
15 165
15 176
15 194
16 25
16 28
16 32
16 42
16 76
16 99
16 116
16 125
16 138
16 145
16 185
16 191
16 193
17 20
17 22
17 24
17 25
17 28
17 29
17 35
17 46
17 54
17 63
17 77
17 82
17 83
17 90
17 91
17 121
17 122
17 138
17 162
17 164
17 172
17 177
17 188
17 194
18 37
18 41
18 50
18 61
18 64
18 67
18 73
18 78
18 80
18 92
18 130
18 136
18 146
18 161
18 168
18 197
19 38
19 41
19 44
19 57
19 62
19 80
19 93
19 104
19 106
19 114
19 115
19 117
19 122
19 132
19 139
19 145
19 159
19 169
19 180
19 187
20 21
20 54
20 75
20 99
20 138
20 167
20 174
20 185
20 199
21 37
21 46
21 58
21 92
21 93
21 100
21 107
21 111
21 116
21 118
21 123
21 142
21 144
21 145
21 152
21 157
21 169
21 190
22 29
22 31
22 52
22 53
22 57
22 65
22 77
22 83
22 87
22 112
22 131
22 167
22 170
22 193
22 197
23 27
23 43
23 48
23 59
23 65
23 67
23 106
23 111
23 118
23 137
23 176
23 177
23 187
23 195
24 25
24 27
24 32
24 35
24 61
24 64
24 66
24 76
24 77
24 88
24 114
24 116
24 123
24 139
24 140
24 161
24 174
24 189
25 33
25 36
25 43
25 45
25 94
25 95
25 101
25 103
25 122
25 129
25 134
25 138
25 147
25 154
25 160
25 162
25 175
25 181
25 196
25 197
26 27
26 28
26 37
26 58
26 66
26 105
26 147
26 149
26 157
26 162
26 166
26 190
26 192
27 31
27 36
27 41
27 43
27 47
27 51
27 60
27 73
27 74
27 77
27 89
27 102
27 119
27 124
27 126
27 129
27 130
27 139
27 146
27 168
27 177
27 181
27 187
27 189
27 191
28 29
28 31
28 36
28 38
28 53
28 82
28 95
28 105
28 106
28 111
28 115
28 127
28 133
28 134
28 138
28 139
28 140
28 150
28 165
28 176
29 30
29 34
29 37
29 45
29 56
29 58
29 67
29 93
29 105
29 111
29 121
29 146
29 148
29 155
29 169
29 186
29 191
29 196
30 39
30 52
30 97
30 104
30 110
30 130
30 134
30 144
30 146
30 147
30 167
30 169
30 179
31 35
31 45
31 52
31 57
31 71
31 82
31 100
31 109
31 113
31 120
31 137
31 149
31 150
31 164
31 174
31 180
31 194
32 46
32 47
32 52
32 53
32 60
32 74
32 86
32 107
32 133
32 137
32 139
32 141
32 168
33 37
33 40
33 41
33 58
33 63
33 92
33 118
33 120
33 130
33 137
33 148
33 161
33 164
33 173
33 176
33 178
34 35
34 60
34 63
34 81
34 84
34 96
34 99
34 126
34 158
34 166
34 168
34 170
34 181
34 183
34 192
34 194
35 44
35 49
35 54
35 59
35 64
35 66
35 68
35 70
35 84
35 108
35 113
35 114
35 117
35 118
35 119
35 133
35 140
35 144
35 148
35 158
35 171
35 192
36 45
36 51
36 54
36 56
36 58
36 64
36 78
36 80
36 93
36 96
36 132
36 139
36 157
36 172
36 190
36 192
37 48
37 49
37 52
37 59
37 61
37 64
37 65
37 73
37 77
37 85
37 93
37 97
37 102
37 105
37 107
37 110
37 113
37 123
37 150
37 181
37 186
38 56
38 58
38 64
38 65
38 67
38 92
38 100
38 107
38 114
38 127
38 147
38 148
38 158
38 170
38 185
38 195
39 41
39 58
39 70
39 89
39 93
39 98
39 102
39 120
39 127
39 153
39 156
39 179
39 183
39 191
40 62
40 90
40 116
40 117
40 118
40 134
40 140
40 145
40 146
40 147
40 156
40 163
40 197
41 56
41 65
41 66
41 76
41 93
41 110
41 111
41 118
41 131
41 133
41 136
41 152
41 158
41 161
41 163
41 170
41 172
41 189
41 197
41 198
42 45
42 78
42 81
42 94
42 101
42 119
42 127
42 131
42 138
42 140
42 145
42 146
42 156
42 169
42 172
43 50
43 56
43 69
43 73
43 78
43 87
43 92
43 98
43 104
43 124
43 128
43 131
43 166
43 167
43 175
44 55
44 58
44 74
44 87
44 106
44 123
44 124
44 127
44 140
44 142
44 152
44 155
44 161
44 162
44 169
44 192
44 193
44 197
45 46
45 68
45 76
45 82
45 96
45 101
45 102
45 104
45 122
45 127
45 140
45 164
45 172
45 184
45 191
45 194
46 64
46 77
46 103
46 108
46 143
46 144
46 149
46 159
46 168
46 173
46 177
47 52
47 60
47 61
47 75
47 82
47 84
47 108
47 118
47 127
47 129
47 132
47 157
47 175
47 181
47 190
47 191
47 198
48 60
48 67
48 68
48 70
48 78
48 93
48 107
48 112
48 128
48 131
48 145
48 159
48 166
48 189
48 193
49 73
49 92
49 94
49 100
49 104
49 111
49 115
49 117
49 126
49 128
49 132
49 144
49 166
49 167
49 169
49 172
49 190
50 51
50 59
50 66
50 70
50 95
50 115
50 117
50 121
50 126
50 128
50 138
50 170
50 184
50 187
51 53
51 55
51 57
51 65
51 71
51 72
51 74
51 75
51 78
51 109
51 129
51 149
51 155
51 157
51 162
51 163
51 164
51 169
51 175
51 181
52 56
52 60
52 100
52 107
52 117
52 124
52 144
52 149
52 157
52 160
52 165
52 171
52 176
52 181
52 194
53 61
53 89
53 93
53 102
53 131
53 136
53 146
53 147
53 152
53 157
53 167
53 169
53 174
53 194
54 71
54 91
54 92
54 102
54 109
54 110
54 112
54 136
54 141
54 143
54 156
54 166
54 168
55 56
55 62
55 76
55 97
55 105
55 106
55 111
55 145
55 151
55 158
55 160
55 162
55 164
55 171
55 181
55 184
55 187
55 195
55 198
56 62
56 64
56 68
56 87
56 97
56 100
56 111
56 115
56 123
56 129
56 130
56 144
56 151
56 161
56 162
56 164
56 165
56 181
56 199
57 58
57 60
57 73
57 119
57 126
57 132
57 136
57 142
57 144
57 146
57 147
57 148
57 154
57 170
57 198
58 63
58 81
58 86
58 99
58 122
58 123
58 127
58 130
58 133
58 142
58 148
58 149
58 166
58 177
58 178
58 191
58 197
59 61
59 64
59 72
59 91
59 94
59 101
59 102
59 105
59 134
59 145
59 148
59 153
59 157
59 163
59 168
59 171
59 175
59 179
59 184
59 197
60 67
60 78
60 85
60 91
60 96
60 97
60 100
60 109
60 111
60 114
60 123
60 141
60 155
60 187
60 189
60 191
61 62
61 93
61 94
61 98
61 111
61 112
61 119
61 123
61 124
61 125
61 142
61 144
61 147
61 158
61 167
61 174
61 185
62 81
62 89
62 100
62 105
62 106
62 111
62 127
62 131
62 152
62 161
62 173
62 175
62 196
63 67
63 76
63 105
63 120
63 129
63 139
63 144
63 156
63 166
63 168
63 171
63 180
63 189
63 196
64 76
64 100
64 149
64 155
65 76
65 80
65 82
65 112
65 114
65 121
65 126
65 136
65 157
65 172
65 186
66 67
66 70
66 91
66 105
66 124
66 149
66 161
66 171
66 186
66 190
67 71
67 74
67 78
67 84
67 86
67 111
67 122
67 129
67 133
67 142
67 158
67 167
67 193
68 71
68 111
68 112
68 114
68 123
68 151
68 154
68 168
68 171
68 194
69 85
69 94
69 98
69 130
69 141
69 142
69 143
69 150
69 157
69 161
69 163
69 177
69 181
69 190
70 96
70 98
70 99
70 115
70 118
70 125
70 156
70 167
70 178
70 187
70 193
70 194
71 95
71 100
71 114
71 120
71 127
71 132
71 146
71 157
71 158
71 167
71 182
71 183
71 193
71 195
72 84
72 86
72 88
72 89
72 101
72 127
72 131
72 136
72 138
72 153
72 160
72 164
72 168
72 169
72 172
72 178
72 186
73 82
73 91
73 92
73 98
73 120
73 164
73 170
73 176
73 177
73 188
74 76
74 77
74 79
74 115
74 119
74 126
74 128
74 134
74 141
74 150
74 154
74 160
74 164
74 174
74 177
74 178
74 187
74 192
74 198
75 123
75 140
75 144
75 183
75 186
75 192
76 77
76 106
76 128
76 144
76 164
76 186
76 196
76 197
77 84
77 85
77 108
77 115
77 133
77 144
77 149
77 164
77 176
77 183
77 197
78 83
78 102
78 113
78 120
78 135
78 156
78 163
78 169
78 171
78 174
78 187
79 97
79 103
79 117
79 118
79 133
79 141
79 143
79 150
79 151
79 169
79 174
79 175
80 87
80 89
80 92
80 104
80 115
80 133
80 137
80 160
80 178
80 179
80 192
80 198
81 82
81 99
81 104
81 105
81 115
81 119
81 130
81 135
81 169
81 189
81 196
82 84
82 95
82 99
82 100
82 103
82 130
82 150
82 154
82 178
82 186
83 97
83 98
83 104
83 113
83 120
83 124
83 132
83 137
83 150
83 163
83 164
83 168
83 172
83 192
84 85
84 87
84 95
84 107
84 130
84 135
84 137
84 138
84 139
84 143
84 148
84 164
84 172
84 178
84 181
85 123
85 124
85 167
85 175
85 182
85 183
85 190
85 192
85 195
86 90
86 91
86 92
86 104
86 109
86 148
86 158
86 164
86 166
86 184
86 195
86 199
87 95
87 97
87 115
87 124
87 147
87 150
87 151
87 152
87 174
87 198
88 91
88 98
88 117
88 124
88 128
88 132
88 139
88 146
88 148
88 149
88 152
88 158
88 168
88 187
88 188
88 198
89 90
89 103
89 108
89 114
89 115
89 125
89 133
89 151
89 162
89 164
89 169
89 174
89 191
89 196
89 199
90 115
90 168
90 191
90 192
90 193
90 198
90 199
91 105
91 111
91 118
91 126
91 140
91 164
91 184
91 195
92 105
92 114
92 116
92 123
92 134
92 137
92 140
92 141
92 151
92 158
93 94
93 99
93 111
93 118
93 126
93 133
93 135
93 149
93 157
94 96
94 102
94 107
94 115
94 130
94 133
94 137
94 140
94 154
94 158
94 160
94 167
94 175
94 185
94 196
95 122
95 144
95 148
95 150
95 158
95 186
95 187
96 97
96 104
96 117
96 118
96 122
96 123
96 139
96 155
96 193
97 105
97 116
97 117
97 121
97 136
97 139
97 144
97 184
98 106
98 111
98 117
98 136
98 150
98 168
98 169
98 170
98 171
98 179
98 197
99 131
99 133
99 135
99 138
99 140
99 152
99 156
99 159
99 160
99 174
99 178
100 107
100 110
100 120
100 140
100 170
100 182
100 188
100 194
101 116
101 128
101 133
101 142
101 152
101 164
101 170
101 174
101 176
101 193
102 106
102 116
102 132
102 146
102 151
102 175
102 179
102 192
102 194
103 110
103 121
103 134
103 144
103 151
103 157
103 160
103 163
103 169
103 178
103 182
103 185
103 186
103 197
104 112
104 119
104 125
104 138
104 153
104 157
104 160
104 162
104 165
104 169
104 173
104 174
104 184
104 193
105 108
105 126
105 128
105 134
105 135
105 144
105 163
105 177
105 197
106 107
106 121
106 126
106 128
106 161
106 164
106 195
107 115
107 116
107 136
107 146
107 150
107 157
107 162
107 171
107 178
107 192
107 195
108 112
108 115
108 119
108 120
108 130
108 157
108 159
108 167
108 183
108 187
108 190
108 193
108 196
109 131
109 134
109 144
109 147
109 154
109 156
109 167
109 168
109 175
109 181
110 118
110 123
110 124
110 145
110 149
110 158
110 159
110 163
110 183
110 188
111 114
111 122
111 133
111 136
111 137
111 164
111 187
111 191
112 118
112 128
112 131
112 136
112 147
112 154
112 166
112 181
112 186
112 192
112 195
113 134
113 137
113 141
113 152
113 163
113 167
113 180
114 128
114 129
114 133
114 138
114 142
114 154
114 159
114 161
114 162
114 167
114 181
115 122
115 131
115 137
115 147
115 153
115 170
115 182
115 183
115 197
115 198
116 139
116 145
116 169
116 170
116 179
116 180
116 182
116 189
116 195
117 118
117 119
117 128
117 142
117 148
117 154
117 155
117 171
117 172
117 175
117 191
117 194
117 198
118 123
118 140
118 145
118 167
118 171
118 185
118 192
118 196
119 132
119 133
119 135
119 140
119 150
119 170
119 172
119 173
119 190
119 191
120 152
120 157
120 166
121 131
121 137
121 143
121 164
121 165
121 184
121 193
122 147
122 161
122 167
122 168
123 124
123 153
123 157
123 172
123 176
123 188
123 197
124 127
124 139
124 145
124 157
124 178
124 188
124 191
124 198
125 131
125 133
125 167
125 169
125 171
125 176
125 187
125 197
126 131
126 141
126 149
126 153
126 162
126 167
126 174
126 177
126 184
126 199
127 136
127 145
127 155
127 166
127 175
127 183
127 192
127 195
127 199
128 153
128 160
128 161
128 168
128 186
128 197
129 143
129 152
129 159
129 188
129 198
130 131
130 132
130 143
130 146
130 150
130 163
130 167
130 168
130 172
130 185
130 193
131 143
131 148
131 150
131 152
131 154
131 173
131 174
131 186
131 188
131 190
132 134
132 137
132 141
132 157
132 167
133 136
133 139
133 154
133 162
133 163
133 169
133 170
133 184
134 136
134 141
134 142
134 149
134 151
134 164
134 190
134 196
134 198
135 151
135 193
135 194
135 195
135 199
136 154
136 162
136 170
136 185
137 143
137 149
137 155
137 178
137 179
137 182
137 191
137 197
138 160
138 162
138 168
138 175
138 185
138 186
138 187
139 144
139 145
139 160
139 177
140 143
140 159
140 165
140 184
141 146
141 159
141 166
141 175
141 182
141 190
142 146
142 160
142 161
142 191
142 195
142 199
143 145
143 147
143 152
143 161
143 168
143 187
144 147
144 149
144 154
144 157
144 164
144 167
145 162
145 173
145 175
145 178
145 186
145 195
146 164
146 168
146 176
146 178
146 183
146 195
146 199
147 160
147 172
147 174
147 177
148 158
148 171
148 193
148 196
149 152
149 159
149 171
149 186
149 198
150 151
150 180
150 184
151 155
151 158
151 160
151 164
151 173
151 181
151 187
152 171
152 172
152 178
152 179
152 187
153 168
154 163
154 179
154 180
154 190
154 198
155 156
155 159
155 176
156 158
156 159
156 162
156 173
156 187
156 189
157 169
157 183
157 195
158 170
158 186
158 189
158 196
158 199
159 163
159 175
159 180
159 183
159 195
160 170
160 191
160 193
161 164
161 169
161 188
161 191
162 181
162 184
163 171
163 175
163 178
163 181
164 185
164 192
164 193
166 174
166 183
167 176
167 178
168 169
168 172
168 178
168 179
168 182
168 187
169 172
169 174
169 188
170 177
170 178
170 198
171 181
171 191
171 196
172 175
173 185
173 188
173 192
173 195
173 196
173 198
174 177
174 195
175 180
175 188
175 198
176 184
177 180
177 186
177 187
178 195
179 181
179 199
180 182
180 198
181 187
181 189
181 193
181 196
181 197
182 185
182 187
182 194
183 189
183 190
183 198
185 187
187 191
187 198
188 191
190 194
190 195
190 199
191 193
191 197
192 194
194 195