200
5939
0 0.92
1 0.36
2 0.20
3 0.07
4 0.69
5 0.61
6 0.11
7 0.19
8 0.49
9 0.11
10 0.73
11 0.42
12 0.96
13 0.88
14 0.74
15 0.29
16 0.71
17 0.42
18 0.21
19 0.03
20 0.30
21 0.04
22 0.58
23 0.37
24 0.54
25 0.54
26 0.57
27 0.36
28 0.17
29 0.73
30 0.94
31 0.50
32 0.11
33 0.29
34 0.05
35 0.29
36 0.72
37 0.32
38 0.40
39 0.63
40 0.83
41 0.50
42 0.37
43 0.60
44 0.20
45 0.19
46 0.17
47 0.55
48 0.90
49 0.31
50 0.81
51 0.73
52 0.42
53 0.03
54 0.99
55 0.58
56 0.50
57 0.26
58 0.20
59 0.90
60 0.71
61 0.14
62 0.58
63 0.12
64 0.39
65 0.91
66 0.50
67 0.19
68 0.26
69 0.37
70 0.59
71 0.86
72 0.97
73 0.19
74 0.39
75 0.52
76 0.60
77 0.70
78 0.15
79 0.75
80 0.07
81 0.80
82 0.72
83 0.89
84 0.92
85 0.72
86 0.60
87 0.59
88 0.97
89 0.12
90 0.34
91 0.01
92 0.35
93 0.50
94 0.97
95 0.90
96 0.34
97 0.24
98 0.83
99 0.75
100 0.56
101 0.50
102 0.64
103 0.78
104 0.99
105 0.97
106 0.49
107 0.77
108 0.17
109 0.61
110 0.63
111 0.40
112 0.29
113 0.09
114 0.27
115 0.27
116 0.98
117 0.12
118 0.31
119 0.24
120 0.02
121 0.66
122 0.36
123 0.05
124 0.32
125 0.14
126 0.58
127 0.14
128 0.92
129 0.91
130 0.70
131 0.08
132 0.42
133 0.63
134 0.13
135 0.76
136 0.57
137 0.84
138 0.68
139 0.50
140 0.21
141 0.49
142 0.16
143 0.82
144 0.19
145 0.18
146 0.46
147 0.86
148 0.76
149 0.41
150 0.98
151 0.24
152 0.88
153 0.82
154 0.54
155 0.99
156 0.52
157 0.09
158 0.94
159 0.93
160 0.75
161 0.01
162 0.18
163 0.90
164 0.24
165 0.16
166 0.42
167 0.11
168 0.80
169 0.71
170 0.15
171 0.69
172 0.59
173 0.33
174 0.87
175 0.47
176 0.91
177 0.49
178 0.14
179 0.46
180 0.76
181 0.52
182 0.04
183 0.69
184 0.40
185 0.43
186 0.65
187 0.30
188 0.61
189 0.04
190 0.14
191 0.10
192 0.62
193 0.88
194 0.04
195 0.42
196 0.39
197 0.31
198 0.99
199 0.29
0 1
0 4
0 5
0 9
0 10
0 12
0 19
0 20
0 21
0 26
0 36
0 37
0 39
0 44
0 48
0 51
0 53
0 57
0 60
0 64
0 66
0 75
0 77
0 81
0 82
0 87
0 91
0 93
0 96
0 98
0 100
0 103
0 106
0 107
0 114
0 119
0 125
0 126
0 130
0 132
0 134
0 136
0 137
0 140
0 144
0 146
0 147
0 163
0 166
0 168
0 172
0 173
0 175
0 177
0 178
0 188
0 190
0 193
0 196
1 3
1 7
1 8
1 9
1 18
1 23
1 24
1 25
1 26
1 31
1 32
1 33
1 34
1 42
1 50
1 51
1 53
1 58
1 62
1 64
1 67
1 71
1 73
1 74
1 79
1 82
1 85
1 91
1 98
1 102
1 108
1 116
1 117
1 129
1 132
1 135
1 136
1 138
1 140
1 144
1 145
1 149
1 155
1 156
1 159
1 160
1 163
1 167
1 168
1 175
1 177
1 178
1 181
1 185
1 188
1 189
1 191
1 196
1 198
1 199
2 5
2 8
2 10
2 11
2 16
2 17
2 18
2 19
2 20
2 22
2 27
2 32
2 33
2 38
2 40
2 42
2 47
2 48
2 52
2 54
2 60
2 63
2 64
2 66
2 71
2 72
2 73
2 78
2 83
2 93
2 95
2 97
2 98
2 113
2 115
2 116
2 132
2 137
2 138
2 141
2 144
2 149
2 151
2 163
2 169
2 170
2 178
2 182
2 185
2 194
2 196
3 5
3 7
3 8
3 12
3 13
3 15
3 20
3 22
3 25
3 27
3 30
3 32
3 33
3 35
3 38
3 41
3 46
3 49
3 51
3 54
3 60
3 62
3 63
3 65
3 67
3 69
3 75
3 80
3 83
3 84
3 92
3 94
3 96
3 97
3 107
3 111
3 114
3 115
3 118
3 123
3 124
3 126
3 129
3 133
3 134
3 137
3 140
3 141
3 145
3 146
3 148
3 152
3 158
3 159
3 162
3 163
3 168
3 169
3 173
3 178
3 183
3 189
3 190
4 8
4 9
4 11
4 13
4 18
4 19
4 25
4 28
4 35
4 36
4 39
4 41
4 42
4 45
4 51
4 53
4 57
4 61
4 63
4 65
4 66
4 67
4 69
4 71
4 75
4 77
4 78
4 82
4 83
4 85
4 90
4 91
4 94
4 103
4 110
4 112
4 113
4 114
4 118
4 119
4 120
4 121
4 124
4 127
4 128
4 132
4 133
4 136
4 138
4 142
4 145
4 147
4 149
4 150
4 151
4 153
4 161
4 164
4 165
4 166
4 182
4 186
4 187
4 189
4 190
4 195
5 9
5 12
5 15
5 17
5 26
5 29
5 39
5 41
5 48
5 51
5 52
5 55
5 58
5 61
5 64
5 65
5 67
5 80
5 81
5 85
5 88
5 90
5 91
5 92
5 95
5 99
5 105
5 109
5 110
5 111
5 114
5 118
5 119
5 127
5 132
5 133
5 138
5 144
5 155
5 156
5 157
5 162
5 163
5 164
5 165
5 166
5 168
5 169
5 173
5 181
5 182
5 187
5 190
5 191
6 13
6 15
6 24
6 26
6 27
6 28
6 37
6 39
6 42
6 48
6 55
6 59
6 61
6 67
6 72
6 76
6 81
6 86
6 87
6 89
6 97
6 101
6 103
6 110
6 115
6 116
6 117
6 122
6 128
6 131
6 133
6 135
6 139
6 142
6 150
6 153
6 155
6 161
6 163
6 167
6 169
6 170
6 171
6 174
6 184
6 188
6 191
6 192
7 13
7 15
7 21
7 22
7 24
7 27
7 30
7 32
7 33
7 35
7 37
7 39
7 45
7 47
7 51
7 52
7 57
7 58
7 59
7 60
7 61
7 68
7 73
7 78
7 82
7 92
7 94
7 99
7 102
7 104
7 114
7 122
7 123
7 128
7 131
7 132
7 135
7 138
7 140
7 141
7 143
7 144
7 150
7 156
7 157
7 161
7 162
7 163
7 171
7 174
7 176
7 181
7 182
7 183
7 194
7 195
7 196
7 198
8 11
8 12
8 13
8 18
8 19
8 26
8 28
8 32
8 34
8 42
8 46
8 47
8 48
8 51
8 58
8 59
8 60
8 61
8 63
8 69
8 72
8 74
8 77
8 81
8 84
8 85
8 86
8 88
8 93
8 97
8 98
8 100
8 105
8 108
8 112
8 122
8 123
8 125
8 126
8 128
8 129
8 132
8 139
8 143
8 149
8 159
8 162
8 168
8 170
8 175
8 179
8 180
8 181
8 184
8 192
9 19
9 21
9 25
9 28
9 31
9 33
9 41
9 42
9 43
9 47
9 52
9 56
9 74
9 76
9 80
9 83
9 86
9 92
9 93
9 95
9 99
9 100
9 102
9 103
9 104
9 105
9 107
9 112
9 113
9 114
9 116
9 120
9 128
9 131
9 133
9 134
9 141
9 142
9 155
9 156
9 158
9 159
9 161
9 162
9 164
9 168
9 169
9 175
9 176
9 193
9 194
9 197
9 199
10 13
10 17
10 21
10 22
10 30
10 31
10 34
10 37
10 40
10 42
10 43
10 48
10 49
10 53
10 56
10 59
10 60
10 61
10 63
10 65
10 67
10 71
10 77
10 78
10 81
10 84
10 86
10 87
10 89
10 91
10 94
10 95
10 103
10 108
10 117
10 122
10 124
10 128
10 129
10 130
10 135
10 137
10 165
10 167
10 170
10 172
10 173
10 178
10 179
10 185
10 187
10 191
10 195
11 14
11 15
11 16
11 17
11 20
11 23
11 25
11 28
11 29
11 30
11 33
11 35
11 36
11 39
11 42
11 43
11 54
11 56
11 57
11 60
11 62
11 65
11 66
11 68
11 78
11 80
11 81
11 84
11 85
11 87
11 91
11 96
11 102
11 103
11 108
11 109
11 118
11 121
11 126
11 127
11 130
11 131
11 135
11 138
11 140
11 142
11 143
11 147
11 148
11 149
11 153
11 157
11 158
11 160
11 165
11 167
11 173
11 174
11 177
11 179
11 181
11 184
11 187
11 188
11 195
11 198
12 13
12 14
12 18
12 20
12 21
12 25
12 26
12 27
12 33
12 36
12 38
12 39
12 43
12 45
12 46
12 48
12 52
12 59
12 63
12 64
12 68
12 72
12 82
12 90
12 92
12 94
12 100
12 105
12 106
12 118
12 122
12 123
12 128
12 129
12 131
12 133
12 134
12 135
12 136
12 149
12 155
12 159
12 165
12 168
12 180
12 183
12 184
12 187
12 193
12 194
13 15
13 16
13 17
13 22
13 28
13 34
13 35
13 36
13 39
13 40
13 41
13 46
13 48
13 52
13 56
13 63
13 65
13 67
13 70
13 76
13 77
13 82
13 89
13 90
13 91
13 95
13 97
13 100
13 102
13 105
13 108
13 120
13 123
13 128
13 134
13 136
13 139
13 147
13 148
13 149
13 158
13 160
13 162
13 168
13 169
13 170
13 171
13 179
13 180
13 187
13 188
13 191
13 192
13 193
13 194
13 195
13 197
13 199
14 24
14 28
14 31
14 32
14 33
14 37
14 40
14 41
14 45
14 47
14 61
14 62
14 63
14 64
14 65
14 70
14 73
14 74
14 75
14 76
14 82
14 90
14 93
14 100
14 101
14 102
14 103
14 107
14 110
14 112
14 116
14 117
14 119
14 123
14 127
14 151
14 153
14 157
14 160
14 164
14 171
14 173
14 174
14 176
14 178
14 179
14 181
14 184
14 187
14 189
14 190
14 193
14 194
14 195
14 196
14 199
15 17
15 18
15 21
15 22
15 24
15 27
15 28
15 34
15 35
15 41
15 43
15 44
15 45
15 46
15 52
15 59
15 60
15 66
15 70
15 71
15 72
15 74
15 80
15 88
15 91
15 99
15 100
15 102
15 103
15 104
15 106
15 110
15 111
15 116
15 117
15 123
15 126
15 128
15 137
15 139
15 140
15 141
15 142
15 146
15 151
15 152
15 153
15 161
15 163
15 165
15 168
15 169
15 174
15 176
15 180
15 195
15 199
16 20
16 21
16 22
16 23
16 25
16 28
16 30
16 31
16 32
16 36
16 42
16 51
16 53
16 58
16 63
16 76
16 77
16 80
16 92
16 93
16 95
16 97
16 99
16 102
16 103
16 104
16 105
16 109
16 111
16 114
16 115
16 117
16 119
16 120
16 123
16 128
16 132
16 133
16 138
16 141
16 147
16 152
16 171
16 172
16 175
16 178
16 192
16 193
16 196
16 198
17 18
17 20
17 27
17 29
17 34
17 35
17 37
17 39
17 47
17 51
17 54
17 56
17 60
17 65
17 67
17 70
17 71
17 75
17 76
17 77
17 80
17 81
17 90
17 91
17 96
17 98
17 100
17 104
17 105
17 106
17 109
17 111
17 112
17 118
17 129
17 131
17 133
17 137
17 149
17 151
17 152
17 157
17 160
17 170
17 171
17 173
17 175
17 179
17 182
17 187
17 191
17 192
17 197
17 199
18 19
18 20
18 21
18 24
18 27
18 32
18 35
18 39
18 41
18 43
18 47
18 49
18 56
18 57
18 63
18 65
18 67
18 68
18 73
18 75
18 76
18 79
18 84
18 85
18 87
18 89
18 91
18 94
18 95
18 98
18 100
18 103
18 106
18 110
18 112
18 117
18 118
18 131
18 135
18 141
18 143
18 146
18 147
18 152
18 156
18 168
18 172
18 173
18 174
18 176
18 177
18 180
18 181
18 184
18 189
18 194
18 196
18 198
19 21
19 25
19 26
19 27
19 32
19 34
19 36
19 46
19 47
19 50
19 51
19 59
19 60
19 66
19 83
19 85
19 88
19 94
19 96
19 99
19 102
19 103
19 104
19 106
19 109
19 114
19 115
19 116
19 128
19 130
19 133
19 138
19 139
19 143
19 149
19 156
19 158
19 162
19 164
19 167
19 170
19 173
19 175
19 182
19 183
19 184
19 187
19 191
19 192
19 198
20 21
20 25
20 28
20 29
20 33
20 36
20 49
20 50
20 53
20 60
20 63
20 68
20 70
20 75
20 77
20 78
20 80
20 83
20 84
20 86
20 87
20 89
20 96
20 100
20 102
20 109
20 114
20 115
20 117
20 118
20 126
20 128
20 131
20 134
20 137
20 146
20 150
20 153
20 157
20 166
20 177
20 178
20 179
20 180
20 181
20 182
20 184
20 186
20 187
20 189
20 198
21 22
21 26
21 27
21 28
21 30
21 32
21 37
21 40
21 43
21 46
21 50
21 51
21 58
21 62
21 71
21 82
21 83
21 89
21 93
21 94
21 96
21 97
21 104
21 106
21 109
21 115
21 118
21 120
21 122
21 126
21 130
21 131
21 135
21 137
21 138
21 144
21 147
21 149
21 150
21 153
21 156
21 163
21 169
21 171
21 174
21 177
21 184
21 186
21 188
21 189
21 193
21 196
22 23
22 26
22 29
22 31
22 36
22 38
22 40
22 41
22 53
22 57
22 62
22 64
22 71
22 75
22 77
22 82
22 85
22 87
22 92
22 94
22 99
22 106
22 114
22 116
22 118
22 120
22 121
22 123
22 124
22 125
22 127
22 132
22 135
22 136
22 137
22 153
22 156
22 157
22 159
22 160
22 162
22 166
22 168
22 175
22 177
22 178
22 183
22 185
22 189
22 190
22 196
23 31
23 33
23 43
23 47
23 51
23 52
23 57
23 59
23 66
23 67
23 68
23 76
23 78
23 80
23 82
23 83
23 84
23 90
23 92
23 93
23 97
23 100
23 102
23 105
23 109
23 110
23 111
23 116
23 117
23 119
23 120
23 131
23 132
23 133
23 142
23 143
23 144
23 148
23 155
23 167
23 171
23 185
23 195
23 197
24 31
24 36
24 41
24 43
24 46
24 52
24 64
24 65
24 67
24 74
24 75
24 77
24 80
24 82
24 97
24 99
24 104
24 105
24 111
24 120
24 122
24 123
24 128
24 129
24 135
24 144
24 145
24 148
24 149
24 152
24 153
24 154
24 158
24 160
24 162
24 163
24 166
24 176
24 178
24 196
25 26
25 27
25 28
25 30
25 31
25 34
25 40
25 42
25 45
25 48
25 49
25 50
25 53
25 56
25 58
25 59
25 60
25 61
25 62
25 63
25 64
25 67
25 68
25 72
25 73
25 75
25 88
25 90
25 97
25 102
25 107
25 112
25 114
25 115
25 120
25 127
25 128
25 132
25 133
25 135
25 137
25 146
25 149
25 154
25 155
25 156
25 157
25 158
25 159
25 165
25 166
25 169
25 176
25 178
25 183
25 185
25 187
25 189
25 197
26 27
26 30
26 32
26 35
26 36
26 40
26 48
26 50
26 53
26 54
26 56
26 57
26 59
26 61
26 72
26 77
26 81
26 90
26 91
26 95
26 96
26 98
26 101
26 105
26 108
26 112
26 114
26 118
26 119
26 121
26 126
26 133
26 134
26 135
26 138
26 140
26 155
26 157
26 159
26 163
26 164
26 165
26 166
26 170
26 171
26 172
26 174
26 179
26 183
26 187
26 189
26 191
27 29
27 31
27 33
27 41
27 43
27 46
27 47
27 52
27 53
27 54
27 56
27 62
27 63
27 68
27 70
27 72
27 79
27 80
27 83
27 84
27 86
27 93
27 98
27 99
27 103
27 114
27 120
27 129
27 132
27 134
27 137
27 147
27 153
27 154
27 156
27 163
27 168
27 171
27 172
27 173
27 176
27 177
27 178
27 181
27 188
27 193
27 196
28 43
28 44
28 46
28 55
28 58
28 59
28 64
28 67
28 68
28 74
28 84
28 91
28 100
28 101
28 104
28 105
28 109
28 110
28 113
28 114
28 116
28 118
28 119
28 126
28 129
28 131
28 134
28 135
28 156
28 157
28 163
28 166
28 172
28 182
28 186
28 187
28 193
28 196
28 197
28 199
29 30
29 31
29 38
29 46
29 47
29 52
29 53
29 55
29 56
29 58
29 59
29 61
29 62
29 64
29 66
29 67
29 69
29 72
29 74
29 77
29 79
29 83
29 84
29 87
29 93
29 94
29 95
29 96
29 102
29 104
29 107
29 109
29 110
29 112
29 113
29 114
29 124
29 127
29 130
29 132
29 133
29 135
29 139
29 141
29 143
29 144
29 145
29 146
29 150
29 161
29 166
29 167
29 168
29 172
29 174
29 177
29 184
29 192
29 193
30 35
30 39
30 42
30 45
30 48
30 51
30 56
30 62
30 63
30 66
30 70
30 83
30 85
30 89
30 90
30 91
30 93
30 96
30 100
30 102
30 103
30 104
30 107
30 111
30 114
30 115
30 119
30 121
30 123
30 129
30 131
30 139
30 140
30 143
30 146
30 147
30 148
30 149
30 154
30 157
30 159
30 160
30 165
30 167
30 168
30 180
30 183
30 186
30 191
31 42
31 47
31 48
31 51
31 52
31 54
31 58
31 64
31 69
31 70
31 73
31 77
31 79
31 82
31 84
31 85
31 89
31 90
31 97
31 98
31 100
31 103
31 104
31 112
31 119
31 122
31 127
31 143
31 144
31 147
31 148
31 150
31 153
31 154
31 157
31 161
31 164
31 165
31 166
31 167
31 170
31 174
31 176
31 178
31 184
31 185
31 191
31 193
32 33
32 34
32 36
32 38
32 40
32 43
32 60
32 62
32 70
32 71
32 76
32 78
32 79
32 81
32 83
32 87
32 88
32 89
32 90
32 91
32 94
32 96
32 97
32 102
32 103
32 109
32 110
32 124
32 126
32 132
32 133
32 141
32 143
32 145
32 146
32 147
32 156
32 161
32 164
32 170
32 171
32 174
32 176
32 177
32 178
32 180
32 181
32 184
32 188
32 194
33 50
33 51
33 53
33 56
33 57
33 62
33 69
33 71
33 75
33 87
33 89
33 97
33 99
33 102
33 110
33 113
33 115
33 117
33 120
33 122
33 124
33 126
33 130
33 131
33 134
33 136
33 138
33 143
33 144
33 155
33 156
33 158
33 159
33 160
33 162
33 163
33 168
33 170
33 175
33 176
33 177
33 180
33 183
33 187
33 189
33 190
33 198
33 199
34 35
34 36
34 40
34 43
34 44
34 48
34 54
34 56
34 57
34 59
34 61
34 63
34 68
34 70
34 74
34 75
34 79
34 82
34 84
34 97
34 99
34 105
34 109
34 110
34 111
34 127
34 132
34 141
34 151
34 152
34 153
34 157
34 158
34 160
34 162
34 167
34 171
34 173
34 174
34 175
34 177
34 193
34 197
35 39
35 43
35 44
35 48
35 53
35 55
35 57
35 61
35 64
35 71
35 76
35 79
35 86
35 89
35 94
35 100
35 101
35 103
35 109
35 115
35 116
35 124
35 126
35 128
35 132
35 135
35 136
35 141
35 143
35 150
35 151
35 152
35 154
35 157
35 158
35 170
35 173
35 176
35 177
35 180
35 186
35 187
35 188
36 44
36 46
36 48
36 55
36 57
36 59
36 60
36 65
36 66
36 67
36 71
36 79
36 86
36 91
36 92
36 99
36 101
36 107
36 108
36 109
36 113
36 114
36 119
36 127
36 128
36 136
36 141
36 144
36 148
36 153
36 162
36 164
36 165
36 167
36 170
36 172
36 173
36 176
36 181
36 183
36 191
36 192
36 195
36 196
36 197
37 38
37 46
37 48
37 50
37 52
37 55
37 68
37 70
37 74
37 75
37 77
37 79
37 80
37 82
37 84
37 85
37 91
37 93
37 94
37 101
37 104
37 106
37 112
37 113
37 114
37 115
37 116
37 117
37 124
37 125
37 127
37 128
37 136
37 137
37 141
37 143
37 145
37 148
37 149
37 156
37 162
37 167
37 170
37 171
37 172
37 173
37 178
37 182
37 183
37 186
37 190
37 192
37 195
38 39
38 40
38 41
38 43
38 49
38 51
38 56
38 67
38 69
38 72
38 79
38 80
38 85
38 90
38 92
38 94
38 99
38 107
38 109
38 116
38 120
38 121
38 123
38 129
38 139
38 141
38 142
38 144
38 147
38 155
38 156
38 159
38 161
38 162
38 170
38 172
38 174
38 177
38 185
38 188
38 189
38 194
38 197
39 62
39 63
39 72
39 75
39 78
39 80
39 82
39 84
39 87
39 94
39 96
39 99
39 103
39 106
39 107
39 118
39 119
39 120
39 122
39 128
39 130
39 139
39 144
39 145
39 156
39 159
39 161
39 163
39 166
39 169
39 173
39 180
39 183
39 191
39 192
40 42
40 49
40 51
40 53
40 54
40 57
40 59
40 62
40 77
40 78
40 79
40 80
40 83
40 91
40 94
40 95
40 97
40 104
40 106
40 107
40 114
40 115
40 117
40 126
40 127
40 131
40 132
40 135
40 138
40 140
40 149
40 151
40 152
40 153
40 154
40 156
40 158
40 159
40 162
40 167
40 169
40 170
40 173
40 174
40 177
40 184
40 185
40 192
40 194
40 195
40 199
41 42
41 47
41 49
41 50
41 56
41 62
41 64
41 66
41 67
41 68
41 69
41 72
41 77
41 78
41 85
41 90
41 94
41 97
41 102
41 106
41 108
41 111
41 112
41 119
41 121
41 123
41 124
41 125
41 127
41 128
41 129
41 149
41 150
41 153
41 154
41 155
41 156
41 158
41 160
41 161
41 164
41 165
41 173
41 176
41 179
41 186
41 188
41 190
41 191
41 192
42 46
42 51
42 53
42 60
42 61
42 66
42 68
42 72
42 73
42 74
42 77
42 80
42 81
42 82
42 91
42 94
42 102
42 106
42 116
42 118
42 124
42 127
42 129
42 133
42 138
42 142
42 147
42 151
42 152
42 154
42 156
42 157
42 159
42 161
42 167
42 172
42 173
42 176
42 177
42 182
42 189
42 197
43 45
43 50
43 51
43 52
43 53
43 64
43 65
43 68
43 77
43 80
43 81
43 82
43 87
43 99
43 100
43 103
43 105
43 114
43 121
43 125
43 129
43 132
43 136
43 138
43 142
43 143
43 145
43 147
43 150
43 153
43 157
43 169
43 170
43 172
43 178
43 179
43 181
43 184
43 185
43 189
43 191
43 192
43 193
43 195
43 196
43 197
43 198
44 46
44 48
44 51
44 55
44 56
44 57
44 58
44 60
44 61
44 63
44 65
44 67
44 70
44 73
44 74
44 83
44 85
44 87
44 92
44 93
44 97
44 98
44 102
44 103
44 111
44 113
44 117
44 118
44 119
44 121
44 122
44 123
44 127
44 128
44 130
44 140
44 149
44 153
44 154
44 155
44 157
44 158
44 160
44 162
44 164
44 170
44 171
44 176
44 179
44 182
44 184
44 190
44 191
44 192
44 198
45 47
45 49
45 50
45 56
45 58
45 70
45 74
45 76
45 77
45 80
45 82
45 83
45 89
45 97
45 110
45 114
45 126
45 133
45 136
45 138
45 144
45 145
45 156
45 158
45 159
45 165
45 168
45 172
45 178
45 179
45 185
45 187
45 188
45 191
45 192
45 193
45 195
45 196
45 198
45 199
46 47
46 48
46 54
46 56
46 57
46 59
46 60
46 61
46 68
46 72
46 73
46 87
46 98
46 101
46 105
46 106
46 110
46 111
46 113
46 115
46 116
46 122
46 127
46 129
46 136
46 137
46 138
46 139
46 140
46 142
46 144
46 145
46 149
46 150
46 162
46 165
46 166
46 169
46 173
46 175
46 176
46 177
46 178
46 181
46 182
46 185
46 186
46 187
46 191
46 192
46 193
46 194
46 196
46 197
46 198
47 48
47 49
47 57
47 61
47 62
47 63
47 66
47 74
47 77
47 86
47 95
47 96
47 99
47 108
47 109
47 113
47 115
47 121
47 123
47 124
47 125
47 127
47 128
47 129
47 130
47 131
47 137
47 148
47 149
47 161
47 165
47 166
47 174
47 175
47 178
47 179
47 183
47 184
47 190
47 196
48 61
48 62
48 65
48 66
48 67
48 70
48 71
48 73
48 77
48 80
48 81
48 86
48 91
48 93
48 95
48 96
48 99
48 100
48 101
48 103
48 104
48 105
48 109
48 113
48 114
48 116
48 117
48 123
48 125
48 132
48 133
48 137
48 138
48 144
48 145
48 149
48 153
48 155
48 157
48 178
48 179
48 181
48 183
48 184
48 188
48 190
48 192
48 194
48 195
48 198
49 53
49 54
49 57
49 61
49 65
49 67
49 68
49 69
49 72
49 86
49 87
49 89
49 92
49 102
49 103
49 107
49 109
49 116
49 118
49 122
49 124
49 127
49 129
49 133
49 140
49 141
49 144
49 151
49 162
49 163
49 166
49 171
49 172
49 173
49 174
49 182
49 185
49 190
49 191
49 192
49 198
50 52
50 53
50 55
50 57
50 58
50 61
50 64
50 65
50 68
50 69
50 71
50 77
50 91
50 92
50 93
50 102
50 104
50 105
50 106
50 110
50 112
50 113
50 114
50 118
50 119
50 125
50 127
50 128
50 129
50 133
50 134
50 136
50 139
50 144
50 147
50 148
50 156
50 158
50 169
50 171
50 172
50 174
50 175
50 177
50 180
50 181
50 183
50 188
50 189
50 195
50 198
51 57
51 58
51 61
51 62
51 63
51 64
51 66
51 69
51 72
51 76
51 78
51 80
51 83
51 89
51 90
51 94
51 97
51 101
51 102
51 103
51 107
51 114
51 116
51 123
51 124
51 128
51 131
51 134
51 137
51 138
51 139
51 145
51 146
51 152
51 153
51 156
51 158
51 159
51 161
51 164
51 166
51 168
51 169
51 170
51 171
51 174
51 178
51 179
51 185
51 186
51 187
51 189
51 194
51 198
51 199
52 57
52 59
52 61
52 68
52 77
52 79
52 80
52 81
52 84
52 90
52 91
52 92
52 93
52 96
52 98
52 101
52 104
52 107
52 110
52 114
52 117
52 119
52 125
52 129
52 130
52 133
52 135
52 140
52 144
52 148
52 153
52 154
52 156
52 163
52 165
52 174
52 180
52 183
52 184
52 186
52 188
52 195
53 54
53 56
53 61
53 65
53 66
53 69
53 71
53 72
53 78
53 84
53 86
53 88
53 93
53 101
53 102
53 107
53 108
53 120
53 124
53 125
53 126
53 127
53 132
53 135
53 138
53 144
53 158
53 160
53 163
53 164
53 169
53 171
53 173
53 175
53 177
53 179
53 181
53 185
53 191
53 193
53 194
53 195
54 58
54 60
54 62
54 63
54 64
54 67
54 73
54 76
54 81
54 83
54 86
54 94
54 104
54 110
54 119
54 123
54 125
54 127
54 128
54 132
54 133
54 134
54 138
54 141
54 146
54 147
54 153
54 154
54 155
54 159
54 162
54 163
54 164
54 180
54 182
54 183
54 186
54 192
54 196
55 59
55 63
55 67
55 74
55 75
55 76
55 82
55 85
55 86
55 87
55 89
55 90
55 93
55 95
55 104
55 106
55 108
55 110
55 115
55 118
55 120
55 126
55 135
55 136
55 140
55 142
55 145
55 146
55 148
55 153
55 155
55 158
55 159
55 164
55 167
55 168
55 169
55 173
55 182
55 184
55 185
55 186
55 187
55 189
55 190
55 191
55 192
55 195
55 198
56 58
56 60
56 72
56 74
56 78
56 80
56 83
56 88
56 89
56 91
56 94
56 98
56 100
56 101
56 105
56 109
56 116
56 117
56 118
56 120
56 123
56 125
56 126
56 129
56 134
56 136
56 141
56 151
56 158
56 163
56 164
56 165
56 174
56 178
56 180
56 190
56 199
57 58
57 64
57 65
57 66
57 67
57 70
57 71
57 75
57 85
57 93
57 95
57 96
57 97
57 98
57 100
57 101
57 102
57 108
57 118
57 120
57 125
57 130
57 131
57 145
57 147
57 149
57 150
57 151
57 153
57 160
57 161
57 165
57 167
57 170
57 171
57 172
57 176
57 178
57 179
57 181
57 182
57 183
57 184
57 187
57 189
58 60
58 61
58 64
58 66
58 68
58 69
58 72
58 76
58 77
58 83
58 86
58 92
58 94
58 95
58 96
58 99
58 100
58 109
58 110
58 113
58 121
58 124
58 128
58 129
58 130
58 132
58 135
58 144
58 147
58 148
58 154
58 157
58 159
58 165
58 166
58 168
58 173
58 174
58 180
58 181
58 182
58 183
58 186
58 190
58 191
58 195
59 60
59 61
59 63
59 64
59 66
59 69
59 70
59 76
59 79
59 84
59 86
59 90
59 99
59 102
59 109
59 111
59 112
59 124
59 125
59 128
59 131
59 132
59 134
59 135
59 137
59 139
59 165
59 172
59 175
59 178
59 183
59 187
59 193
59 194
60 63
60 70
60 75
60 76
60 79
60 83
60 87
60 89
60 91
60 103
60 104
60 106
60 107
60 108
60 112
60 117
60 120
60 121
60 126
60 128
60 133
60 145
60 146
60 147
60 152
60 154
60 157
60 159
60 163
60 164
60 165
60 167
60 172
60 177
60 184
60 185
60 189
60 191
60 192
60 193
60 194
60 196
60 197
60 199
61 69
61 72
61 73
61 74
61 75
61 78
61 79
61 83
61 86
61 90
61 91
61 94
61 99
61 102
61 105
61 106
61 109
61 112
61 113
61 116
61 118
61 120
61 122
61 123
61 124
61 126
61 129
61 134
61 140
61 142
61 143
61 146
61 147
61 150
61 153
61 163
61 173
61 174
61 188
61 196
61 197
61 198
61 199
62 64
62 65
62 68
62 72
62 73
62 74
62 76
62 78
62 84
62 85
62 86
62 90
62 92
62 100
62 113
62 119
62 124
62 127
62 131
62 134
62 136
62 145
62 147
62 151
62 154
62 159
62 166
62 167
62 169
62 171
62 177
62 184
62 185
62 190
62 191
62 194
62 197
63 64
63 67
63 71
63 75
63 78
63 82
63 86
63 88
63 92
63 95
63 96
63 97
63 99
63 100
63 108
63 115
63 118
63 119
63 127
63 128
63 129
63 132
63 133
63 138
63 142
63 145
63 147
63 150
63 152
63 158
63 163
63 164
63 165
63 170
63 175
63 180
63 186
63 187
63 197
64 67
64 68
64 69
64 70
64 73
64 74
64 75
64 76
64 78
64 79
64 81
64 85
64 91
64 93
64 94
64 96
64 110
64 112
64 114
64 115
64 118
64 126
64 129
64 135
64 136
64 143
64 145
64 146
64 148
64 153
64 157
64 161
64 163
64 169
64 170
64 177
64 180
64 183
64 187
64 190
64 193
64 195
64 196
64 197
64 199
65 70
65 71
65 74
65 77
65 79
65 81
65 85
65 89
65 92
65 95
65 96
65 102
65 105
65 108
65 117
65 118
65 120
65 129
65 130
65 131
65 138
65 141
65 142
65 146
65 148
65 151
65 153
65 154
65 162
65 164
65 168
65 169
65 171
65 172
65 176
65 179
65 181
65 187
65 188
65 189
65 196
66 73
66 76
66 81
66 84
66 99
66 113
66 116
66 127
66 128
66 140
66 143
66 148
66 149
66 150
66 160
66 168
66 172
66 176
66 184
66 185
66 187
66 189
66 190
66 191
66 192
66 196
66 199
67 68
67 70
67 72
67 75
67 76
67 77
67 78
67 81
67 83
67 89
67 91
67 92
67 95
67 101
67 109
67 114
67 118
67 119
67 120
67 121
67 125
67 131
67 132
67 134
67 136
67 141
67 142
67 145
67 149
67 150
67 157
67 158
67 159
67 160
67 165
67 168
67 173
67 175
67 177
67 178
67 179
67 183
67 184
67 186
67 190
67 193
67 195
67 196
67 197
68 70
68 73
68 74
68 76
68 79
68 80
68 82
68 85
68 86
68 87
68 92
68 94
68 95
68 96
68 98
68 99
68 100
68 103
68 107
68 108
68 115
68 116
68 118
68 121
68 127
68 132
68 137
68 140
68 143
68 146
68 153
68 159
68 165
68 170
68 173
68 178
68 179
68 183
68 185
68 193
68 196
68 197
69 74
69 75
69 78
69 79
69 87
69 90
69 91
69 92
69 96
69 103
69 104
69 105
69 109
69 113
69 115
69 116
69 121
69 122
69 125
69 136
69 138
69 142
69 143
69 149
69 152
69 153
69 156
69 164
69 167
69 168
69 171
69 178
69 187
69 189
69 190
69 191
69 193
69 194
70 78
70 81
70 83
70 84
70 88
70 90
70 94
70 100
70 101
70 104
70 105
70 110
70 112
70 113
70 117
70 118
70 119
70 127
70 132
70 140
70 141
70 142
70 143
70 144
70 151
70 153
70 155
70 162
70 165
70 167
70 169
70 170
70 173
70 176
70 179
70 180
70 184
70 189
70 193
71 73
71 74
71 77
71 81
71 86
71 87
71 88
71 89
71 92
71 93
71 94
71 103
71 106
71 107
71 111
71 114
71 115
71 118
71 122
71 123
71 126
71 130
71 132
71 137
71 140
71 141
71 144
71 145
71 148
71 150
71 166
71 172
71 180
71 181
71 183
71 186
71 192
71 194
72 76
72 79
72 83
72 97
72 102
72 105
72 114
72 115
72 116
72 122
72 128
72 131
72 132
72 136
72 137
72 138
72 141
72 144
72 151
72 157
72 158
72 159
72 160
72 165
72 166
72 168
72 169
72 171
72 176
72 179
72 182
72 184
72 187
72 188
72 192
73 74
73 80
73 82
73 83
73 88
73 92
73 95
73 105
73 116
73 118
73 119
73 124
73 128
73 138
73 140
73 141
73 143
73 146
73 149
73 166
73 167
73 168
73 171
73 173
73 177
73 180
73 181
73 185
73 189
73 191
73 192
73 193
73 194
74 84
74 88
74 92
74 95
74 97
74 99
74 102
74 104
74 109
74 115
74 116
74 124
74 125
74 126
74 131
74 134
74 135
74 141
74 142
74 144
74 145
74 149
74 152
74 156
74 160
74 165
74 166
74 172
74 175
74 177
74 184
74 185
74 191
74 193
74 196
75 80
75 82
75 87
75 92
75 95
75 98
75 100
75 103
75 105
75 110
75 120
75 123
75 130
75 132
75 134
75 135
75 141
75 144
75 145
75 153
75 155
75 158
75 169
75 171
75 172
75 177
75 180
75 181
75 185
75 186
75 188
75 189
75 190
75 196
76 78
76 82
76 87
76 88
76 99
76 100
76 101
76 103
76 104
76 109
76 110
76 111
76 113
76 114
76 115
76 116
76 117
76 118
76 124
76 126
76 134
76 146
76 147
76 151
76 153
76 155
76 159
76 165
76 169
76 174
76 178
76 187
76 188
76 191
76 193
76 195
76 198
77 79
77 81
77 83
77 85
77 87
77 88
77 92
77 97
77 98
77 100
77 106
77 107
77 112
77 115
77 117
77 119
77 120
77 124
77 129
77 130
77 133
77 139
77 143
77 144
77 150
77 161
77 165
77 167
77 172
77 174
77 179
77 189
77 191
77 194
77 197
77 198
78 81
78 82
78 84
78 85
78 88
78 95
78 98
78 100
78 102
78 104
78 107
78 109
78 111
78 112
78 117
78 119
78 123
78 124
78 130
78 131
78 133
78 134
78 136
78 137
78 139
78 153
78 154
78 158
78 161
78 163
78 164
78 165
78 166
78 167
78 168
78 170
78 171
78 179
78 182
78 186
78 188
78 190
79 80
79 81
79 82
79 85
79 91
79 96
79 97
79 103
79 108
79 112
79 113
79 115
79 118
79 119
79 120
79 135
79 136
79 141
79 142
79 143
79 148
79 150
79 155
79 156
79 162
79 163
79 165
79 166
79 172
79 177
79 179
79 181
79 187
79 189
79 190
79 191
79 196
80 83
80 84
80 90
80 93
80 97
80 105
80 106
80 109
80 110
80 114
80 115
80 117
80 118
80 121
80 127
80 135
80 137
80 140
80 141
80 142
80 145
80 146
80 147
80 148
80 150
80 155
80 160
80 162
80 167
80 168
80 173
80 176
80 179
80 180
80 181
80 184
80 186
80 194
80 196
80 197
80 198
81 83
81 87
81 93
81 95
81 97
81 100
81 112
81 114
81 119
81 120
81 121
81 126
81 131
81 133
81 137
81 138
81 139
81 140
81 143
81 144
81 145
81 146
81 147
81 152
81 157
81 158
81 171
81 173
81 175
81 179
81 185
81 186
81 187
81 191
81 193
81 195
82 86
82 87
82 89
82 90
82 94
82 95
82 96
82 97
82 98
82 101
82 102
82 103
82 107
82 110
82 115
82 119
82 124
82 126
82 135
82 139
82 140
82 142
82 143
82 151
82 152
82 153
82 154
82 155
82 160
82 164
82 170
82 174
82 176
82 178
82 179
82 182
82 184
82 190
82 195
82 196
82 198
83 86
83 88
83 90
83 93
83 100
83 109
83 111
83 118
83 122
83 126
83 131
83 132
83 135
83 136
83 144
83 145
83 151
83 157
83 159
83 162
83 166
83 172
83 174
83 176
83 177
83 180
83 188
83 190
83 194
83 197
83 198
83 199
84 85
84 87
84 91
84 96
84 97
84 102
84 108
84 116
84 121
84 127
84 132
84 133
84 134
84 142
84 146
84 148
84 151
84 153
84 154
84 157
84 158
84 163
84 164
84 173
84 178
84 180
84 181
84 182
84 183
84 184
84 186
84 191
84 193
84 196
85 86
85 91
85 96
85 99
85 101
85 104
85 105
85 108
85 109
85 111
85 113
85 119
85 126
85 127
85 134
85 138
85 140
85 142
85 143
85 146
85 149
85 150
85 155
85 157
85 160
85 161
85 162
85 165
85 169
85 175
85 176
85 177
85 180
85 183
85 187
85 193
85 199
86 90
86 94
86 95
86 96
86 98
86 99
86 102
86 103
86 104
86 106
86 125
86 127
86 128
86 130
86 134
86 139
86 142
86 145
86 146
86 147
86 155
86 157
86 158
86 159
86 160
86 163
86 165
86 169
86 170
86 172
86 173
86 174
86 178
86 183
86 190
86 193
86 195
86 198
86 199
87 89
87 92
87 95
87 102
87 110
87 117
87 120
87 125
87 126
87 127
87 133
87 138
87 140
87 144
87 145
87 147
87 149
87 150
87 161
87 163
87 165
87 168
87 170
87 174
87 175
87 177
87 182
87 188
87 189
87 191
88 90
88 97
88 98
88 109
88 110
88 111
88 114
88 120
88 123
88 125
88 127
88 128
88 130
88 132
88 136
88 138
88 139
88 141
88 149
88 151
88 153
88 154
88 155
88 159
88 161
88 163
88 165
88 167
88 170
88 171
88 172
88 180
88 181
88 187
88 191
88 192
88 193
88 195
88 196
88 199
89 92
89 97
89 104
89 105
89 106
89 110
89 111
89 113
89 114
89 119
89 125
89 130
89 133
89 135
89 136
89 138
89 139
89 146
89 147
89 148
89 150
89 151
89 159
89 163
89 164
89 165
89 167
89 168
89 169
89 173
89 176
89 179
89 181
89 185
89 188
89 189
89 191
89 192
89 199
90 92
90 93
90 94
90 96
90 107
90 108
90 109
90 110
90 111
90 113
90 114
90 117
90 123
90 128
90 134
90 135
90 136
90 145
90 148
90 154
90 156
90 158
90 160
90 161
90 163
90 165
90 173
90 176
90 183
90 184
90 188
90 189
90 192
90 193
90 195
90 198
90 199
91 92
91 93
91 96
91 99
91 100
91 107
91 108
91 116
91 117
91 120
91 121
91 122
91 123
91 125
91 126
91 138
91 141
91 143
91 146
91 149
91 153
91 154
91 157
91 158
91 160
91 162
91 165
91 166
91 171
91 175
91 182
91 186
91 188
91 190
91 191
91 195
91 196
91 197
92 95
92 98
92 104
92 105
92 106
92 111
92 114
92 117
92 130
92 134
92 136
92 140
92 151
92 152
92 155
92 161
92 164
92 165
92 168
92 170
92 173
92 174
92 178
92 180
92 181
92 183
92 185
92 186
92 187
92 199
93 94
93 95
93 97
93 113
93 115
93 118
93 122
93 124
93 133
93 137
93 138
93 139
93 142
93 145
93 146
93 147
93 151
93 153
93 162
93 163
93 177
93 179
93 182
93 189
93 198
93 199
94 95
94 99
94 100
94 101
94 102
94 107
94 108
94 110
94 113
94 115
94 116
94 118
94 127
94 129
94 130
94 132
94 133
94 135
94 136
94 138
94 143
94 145
94 150
94 152
94 155
94 158
94 168
94 170
94 175
94 184
94 190
94 193
95 96
95 104
95 107
95 113
95 114
95 116
95 117
95 118
95 119
95 120
95 121
95 123
95 128
95 129
95 130
95 133
95 135
95 142
95 145
95 146
95 152
95 158
95 162
95 163
95 165
95 166
95 167
95 174
95 178
95 179
95 181
95 182
95 193
95 194
96 98
96 104
96 111
96 112
96 122
96 125
96 126
96 127
96 129
96 132
96 134
96 140
96 142
96 143
96 156
96 158
96 161
96 163
96 165
96 167
96 173
96 183
96 185
96 189
96 197
97 102
97 105
97 107
97 109
97 112
97 115
97 117
97 119
97 126
97 131
97 138
97 155
97 156
97 157
97 161
97 164
97 170
97 171
97 173
97 175
97 176
97 179
97 180
97 190
97 191
97 193
97 195
97 196
97 197
97 198
97 199
98 99
98 100
98 107
98 109
98 113
98 118
98 120
98 123
98 125
98 126
98 127
98 133
98 138
98 143
98 146
98 151
98 155
98 156
98 157
98 160
98 164
98 171
98 173
98 176
98 184
98 186
98 191
98 194
99 101
99 103
99 110
99 115
99 117
99 124
99 126
99 127
99 129
99 130
99 136
99 139
99 140
99 141
99 147
99 149
99 156
99 157
99 160
99 162
99 165
99 166
99 168
99 172
99 173
99 178
99 181
99 182
99 185
99 190
99 191
99 193
99 194
100 103
100 109
100 110
100 112
100 113
100 115
100 117
100 118
100 119
100 120
100 128
100 129
100 131
100 135
100 136
100 139
100 140
100 143
100 144
100 148
100 149
100 154
100 157
100 161
100 162
100 163
100 166
100 167
100 170
100 172
100 174
100 175
100 181
100 184
100 188
100 193
100 196
101 103
101 113
101 114
101 118
101 123
101 124
101 126
101 127
101 140
101 145
101 148
101 160
101 164
101 166
101 168
101 171
101 172
101 189
101 190
101 194
101 196
101 197
102 103
102 106
102 113
102 115
102 116
102 118
102 121
102 122
102 125
102 129
102 133
102 134
102 138
102 143
102 154
102 158
102 159
102 162
102 163
102 164
102 168
102 169
102 171
102 179
102 183
102 185
102 187
102 189
102 193
102 197
103 106
103 112
103 115
103 123
103 126
103 130
103 137
103 140
103 142
103 148
103 154
103 156
103 169
103 174
103 176
103 178
103 184
103 186
103 188
103 192
103 193
103 198
103 199
104 105
104 106
104 108
104 111
104 116
104 117
104 119
104 120
104 121
104 122
104 125
104 129
104 132
104 134
104 135
104 137
104 143
104 144
104 145
104 161
104 163
104 164
104 165
104 169
104 171
104 180
104 182
104 185
104 186
104 189
104 191
104 197
104 199
105 108
105 121
105 126
105 127
105 139
105 140
105 144
105 146
105 147
105 154
105 159
105 162
105 177
105 178
105 179
105 180
105 182
105 185
105 187
105 192
105 193
105 194
105 196
105 198
106 107
106 110
106 111
106 116
106 117
106 121
106 122
106 125
106 127
106 131
106 132
106 137
106 141
106 145
106 146
106 147
106 156
106 161
106 164
106 165
106 169
106 170
106 172
106 174
106 177
106 180
106 182
106 185
106 187
106 188
106 191
106 198
106 199
107 110
107 115
107 116
107 121
107 131
107 134
107 138
107 139
107 145
107 148
107 155
107 156
107 158
107 160
107 162
107 168
107 172
107 175
107 177
107 186
107 187
108 115
108 116
108 118
108 123
108 124
108 125
108 130
108 134
108 141
108 144
108 152
108 160
108 163
108 164
108 170
108 173
108 175
108 176
108 177
108 179
108 181
108 182
108 187
108 189
108 190
108 193
108 195
109 111
109 117
109 118
109 119
109 120
109 126
109 129
109 133
109 139
109 141
109 144
109 150
109 153
109 159
109 160
109 162
109 163
109 167
109 173
109 177
109 183
109 188
109 193
109 195
109 199
110 114
110 119
110 120
110 122
110 124
110 125
110 126
110 128
110 130
110 142
110 147
110 154
110 158
110 160
110 163
110 164
110 171
110 172
110 175
110 180
110 182
110 184
110 187
110 192
110 194
110 196
110 199
111 113
111 117
111 119
111 120
111 122
111 129
111 133
111 138
111 144
111 149
111 150
111 152
111 158
111 159
111 165
111 168
111 170
111 172
111 173
111 174
111 175
111 182
111 196
112 118
112 120
112 122
112 125
112 127
112 130
112 131
112 132
112 139
112 144
112 146
112 148
112 157
112 161
112 162
112 170
112 176
112 177
112 178
112 182
112 184
112 186
112 189
112 191
112 193
112 199
113 118
113 119
113 121
113 126
113 128
113 129
113 131
113 133
113 140
113 143
113 144
113 145
113 146
113 147
113 149
113 164
113 165
113 169
113 172
113 175
113 178
113 180
113 182
113 183
113 186
113 187
113 188
113 194
113 196
113 197
113 198
114 115
114 120
114 127
114 128
114 138
114 139
114 145
114 148
114 153
114 159
114 163
114 166
114 167
114 169
114 172
114 173
114 175
114 180
114 188
114 189
114 193
114 194
115 123
115 129
115 138
115 139
115 142
115 150
115 152
115 154
115 156
115 158
115 162
115 164
115 172
115 176
115 177
115 178
115 182
115 185
115 190
115 196
115 197
115 199
116 117
116 118
116 119
116 120
116 125
116 128
116 132
116 135
116 136
116 142
116 143
116 144
116 145
116 150
116 151
116 159
116 161
116 162
116 163
116 176
116 180
116 181
116 183
116 186
116 187
116 191
117 119
117 122
117 126
117 135
117 136
117 139
117 143
117 145
117 146
117 148
117 150
117 151
117 153
117 154
117 155
117 161
117 163
117 166
117 171
117 182
117 183
117 184
117 186
117 188
117 189
117 191
117 193
117 195
117 196
117 199
118 119
118 121
118 123
118 125
118 127
118 133
118 136
118 138
118 141
118 142
118 144
118 147
118 148
118 153
118 154
118 157
118 160
118 161
118 169
118 170
118 171
118 179
118 181
118 182
118 186
118 188
118 191
118 193
118 195
118 196
118 198
119 120
119 123
119 124
119 125
119 127
119 128
119 129
119 131
119 133
119 134
119 136
119 141
119 142
119 144
119 145
119 147
119 149
119 153
119 155
119 157
119 163
119 165
119 167
119 170
119 171
119 177
119 186
119 187
119 191
119 193
119 195
119 198
120 123
120 135
120 136
120 138
120 139
120 144
120 146
120 152
120 155
120 161
120 162
120 163
120 173
120 175
120 176
120 177
120 184
120 185
120 187
120 188
120 191
120 194
120 195
121 122
121 127
121 128
121 129
121 131
121 133
121 135
121 140
121 141
121 143
121 144
121 147
121 150
121 158
121 159
121 162
121 172
121 175
121 176
121 177
121 186
121 187
121 190
121 192
121 194
121 197
121 198
122 135
122 140
122 142
122 145
122 153
122 155
122 164
122 168
122 169
122 170
122 176
122 180
122 182
122 185
122 187
122 188
122 189
122 190
122 191
122 195
122 196
123 126
123 130
123 132
123 141
123 149
123 150
123 151
123 154
123 158
123 159
123 161
123 162
123 167
123 168
123 175
123 181
123 187
123 194
123 196
124 127
124 129
124 130
124 131
124 137
124 139
124 141
124 145
124 147
124 149
124 153
124 154
124 155
124 159
124 161
124 165
124 166
124 178
124 187
124 195
124 196
124 198
124 199
125 126
125 131
125 134
125 136
125 137
125 140
125 147
125 150
125 151
125 154
125 162
125 163
125 164
125 169
125 170
125 172
125 174
125 183
125 185
125 187
125 188
125 189
125 193
125 197
125 199
126 131
126 138
126 139
126 145
126 158
126 165
126 167
126 171
126 175
126 178
126 179
126 182
126 184
126 186
126 187
126 188
126 189
126 190
126 193
126 194
127 128
127 132
127 139
127 141
127 148
127 151
127 155
127 157
127 160
127 162
127 167
127 168
127 172
127 181
127 182
127 186
127 187
127 188
127 197
127 198
127 199
128 130
128 135
128 136
128 137
128 138
128 142
128 144
128 148
128 152
128 156
128 161
128 163
128 165
128 166
128 167
128 169
128 172
128 179
128 185
128 187
128 192
128 193
129 130
129 132
129 137
129 138
129 151
129 152
129 159
129 163
129 168
129 170
129 174
129 176
129 181
129 186
129 192
129 196
129 198
129 199
130 134
130 137
130 140
130 143
130 145
130 149
130 150
130 151
130 155
130 159
130 167
130 169
130 174
130 176
130 179
130 181
130 183
130 189
130 191
130 193
130 194
130 198
131 141
131 143
131 145
131 148
131 149
131 156
131 157
131 161
131 172
131 177
131 179
131 183
131 184
131 187
131 189
131 192
131 193
132 134
132 135
132 137
132 139
132 143
132 144
132 145
132 149
132 157
132 162
132 167
132 168
132 169
132 170
132 172
132 179
132 180
132 183
132 185
132 187
132 188
132 192
132 194
133 137
133 139
133 143
133 144
133 145
133 146
133 153
133 156
133 157
133 160
133 161
133 163
133 164
133 167
133 168
133 171
133 175
133 179
133 181
133 184
133 187
133 194
133 195
133 197
133 198
133 199
134 136
134 140
134 142
134 144
134 146
134 147
134 155
134 157
134 158
134 159
134 160
134 162
134 164
134 170
134 173
134 177
134 178
134 182
134 184
134 186
134 187
134 189
134 190
134 191
134 192
134 195
135 137
135 143
135 144
135 149
135 150
135 157
135 160
135 169
135 170
135 174
135 178
135 180
135 184
135 197
136 142
136 147
136 149
136 151
136 152
136 156
136 157
136 158
136 159
136 168
136 171
136 175
136 176
136 179
136 193
136 196
136 198
136 199
137 143
137 150
137 154
137 158
137 161
137 166
137 169
137 171
137 174
137 179
137 182
137 183
137 184
137 185
137 186
137 188
137 191
137 192
137 195
137 197
138 140
138 147
138 148
138 149
138 152
138 153
138 157
138 164
138 177
138 179
138 180
138 185
138 188
138 189
138 192
138 194
138 195
138 197
138 198
139 143
139 153
139 157
139 158
139 159
139 161
139 167
139 170
139 171
139 174
139 178
139 180
139 183
139 184
139 185
139 190
139 193
139 195
139 197
139 198
140 146
140 148
140 152
140 160
140 161
140 162
140 166
140 168
140 172
140 174
140 175
140 177
140 182
140 190
140 191
140 193
140 196
141 145
141 153
141 155
141 157
141 164
141 166
141 167
141 176
141 177
141 179
141 185
141 195
141 196
141 198
142 145
142 148
142 150
142 153
142 156
142 160
142 163
142 168
142 169
142 174
142 177
142 181
142 182
142 185
142 186
142 189
142 192
143 146
143 148
143 152
143 158
143 159
143 160
143 166
143 167
143 171
143 180
143 186
143 189
143 194
143 196
144 151
144 155
144 158
144 161
144 162
144 165
144 169
144 172
144 173
144 174
144 175
144 183
144 187
144 189
144 198
145 147
145 152
145 159
145 161
145 165
145 166
145 171
145 184
145 186
145 189
145 190
145 194
145 198
145 199
146 152
146 154
146 157
146 160
146 162
146 169
146 170
146 174
146 187
146 190
146 193
146 195
146 196
147 148
147 149
147 151
147 154
147 164
147 168
147 169
147 170
147 173
147 174
147 177
147 179
147 183
147 186
147 190
147 194
147 198
147 199
148 150
148 159
148 163
148 164
148 172
148 174
148 176
148 177
148 179
148 181
148 182
148 183
148 188
148 189
148 193
148 194
148 195
148 199
149 156
149 160
149 162
149 164
149 165
149 169
149 171
149 172
149 178
149 183
149 188
149 191
149 194
149 195
149 196
149 197
149 199
150 154
150 155
150 157
150 158
150 159
150 169
150 170
150 172
150 181
150 187
150 188
150 190
150 191
150 194
150 195
150 197
150 198
150 199
151 155
151 156
151 157
151 165
151 166
151 167
151 169
151 182
151 185
151 191
151 194
152 154
152 158
152 161
152 164
152 165
152 166
152 173
152 179
152 180
152 183
152 188
152 194
153 155
153 156
153 158
153 163
153 170
153 172
153 180
153 182
153 184
153 189
153 190
153 191
153 199
154 156
154 157
154 158
154 159
154 160
154 164
154 165
154 166
154 169
154 170
154 176
154 178
154 184
154 186
154 193
154 194
155 158
155 159
155 161
155 162
155 165
155 168
155 172
155 173
155 178
155 179
155 180
155 181
155 183
155 186
155 189
155 192
155 193
155 197
156 157
156 159
156 162
156 163
156 169
156 171
156 172
156 175
156 178
156 179
156 185
156 188
156 192
156 193
156 196
156 197
157 159
157 161
157 162
157 165
157 168
157 170
157 173
157 191
157 194
158 161
158 162
158 163
158 165
158 167
158 168
158 169
158 174
158 175
158 176
158 181
158 182
158 189
158 192
158 193
158 195
158 196
158 197
158 198
159 160
159 161
159 169
159 170
159 171
159 174
159 178
159 179
159 181
159 182
159 184
159 189
159 190
159 194
159 197
159 199
160 162
160 163
160 166
160 175
160 177
160 180
160 181
160 193
160 199
161 162
161 165
161 169
161 171
161 178
161 181
161 184
161 187
161 190
161 191
161 193
162 166
162 170
162 171
162 173
162 174
162 178
162 185
162 186
162 189
162 190
162 193
162 197
162 198
163 164
163 170
163 176
163 177
163 178
163 183
163 185
163 197
164 180
164 182
164 184
165 166
165 169
165 171
165 173
165 182
165 184
165 188
166 168
166 170
166 172
166 179
166 181
166 183
166 184
166 189
166 191
166 192
166 196
167 176
167 179
167 183
167 186
167 188
167 189
167 194
167 197
168 174
168 176
168 177
168 178
168 183
168 184
168 185
168 191
168 193
168 195
168 199
169 170
169 171
169 174
169 176
169 180
169 181
169 199
170 175
170 177
170 181
170 182
170 183
170 184
170 187
170 188
170 191
170 192
170 193
170 197
170 199
171 172
171 173
171 174
171 175
171 178
171 180
171 185
171 186
171 189
171 193
171 196
171 197
172 173
172 175
172 178
172 193
172 194
172 195
173 174
173 178
173 179
173 184
173 187
173 191
173 192
173 193
173 194
173 195
173 198
173 199
174 176
174 178
174 190
174 191
174 195
174 196
174 197
175 177
175 181
175 186
175 194
175 195
175 196
175 199
176 177
176 178
176 179
176 180
176 181
176 182
176 185
176 187
176 189
176 191
176 197
177 185
177 186
177 190
177 194
177 198
178 182
178 185
178 188
178 192
178 194
178 195
178 199
179 182
179 187
179 188
179 199
180 187
180 190
180 192
180 197
181 187
181 188
181 190
181 193
181 194
181 197
181 198
182 187
182 193
182 197
183 185
183 186
183 188
183 193
183 195
183 197
184 186
184 188
184 190
184 192
184 193
184 195
184 197
185 189
185 193
185 194
185 195
185 197
186 191
186 192
187 190
187 192
187 193
187 197
188 193
188 198
188 199
189 197
190 194
191 193
191 196
191 199
192 197
192 199
193 194
193 195
193 196
194 198
195 197
195 199
196 199
197 199
198 199