50
392
0 0.76
1 0.16
2 0.80
3 0.70
4 0.50
5 0.01
6 0.88
7 0.23
8 0.44
9 0.46
10 0.09
11 0.50
12 0.93
13 0.83
14 0.53
15 0.11
16 0.78
17 0.78
18 0.23
19 0.88
20 0.23
21 0.02
22 0.11
23 0.42
24 0.92
25 0.62
26 0.51
27 0.36
28 0.71
29 0.10
30 0.15
31 0.47
32 0.04
33 0.24
34 0.41
35 0.81
36 0.97
37 0.81
38 0.09
39 0.95
40 0.70
41 0.13
42 0.19
43 0.47
44 0.63
45 0.42
46 0.82
47 0.02
48 0.39
49 0.10
0 1
0 3
0 5
0 6
0 7
0 10
0 11
0 18
0 20
0 21
0 22
0 23
0 27
0 32
0 35
0 37
0 41
0 43
0 48
1 2
1 7
1 18
1 19
1 25
1 27
1 28
1 31
1 32
1 34
1 35
1 36
1 40
1 43
1 45
1 47
2 7
2 12
2 15
2 19
2 20
2 22
2 23
2 25
2 27
2 35
2 36
2 41
2 42
2 43
2 46
3 4
3 7
3 8
3 9
3 10
3 11
3 13
3 14
3 17
3 19
3 20
3 21
3 22
3 23
3 24
3 26
3 30
3 33
3 39
3 41
3 43
3 45
3 46
3 49
4 6
4 7
4 18
4 21
4 22
4 26
4 28
4 29
4 30
4 32
4 37
4 39
4 40
4 43
5 6
5 21
5 22
5 25
5 26
5 38
5 40
5 41
5 42
6 9
6 13
6 14
6 17
6 22
6 25
6 27
6 28
6 29
6 30
6 32
6 33
6 34
6 36
6 40
6 41
6 46
6 47
6 49
7 9
7 10
7 11
7 15
7 16
7 21
7 23
7 24
7 26
7 29
7 30
7 35
7 44
7 45
7 46
7 48
7 49
8 17
8 24
8 32
8 33
8 34
8 38
8 40
8 41
8 42
8 44
9 14
9 15
9 17
9 24
9 31
9 33
9 34
9 35
9 37
9 39
9 40
9 42
9 43
9 44
9 46
9 49
10 15
10 19
10 20
10 30
10 31
10 32
10 34
10 35
10 41
10 42
10 44
10 47
11 12
11 18
11 20
11 21
11 23
11 28
11 29
11 31
12 15
12 35
12 38
12 40
12 42
13 14
13 20
13 24
13 25
13 26
13 29
13 30
13 31
13 33
13 34
13 36
13 41
14 20
14 26
14 31
14 32
14 33
14 35
14 36
14 43
14 49
15 20
15 23
15 30
15 34
15 36
15 40
15 41
15 42
15 43
15 44
15 46
15 47
15 48
16 19
16 21
16 25
16 28
16 38
16 45
16 47
17 21
17 24
17 31
17 33
17 34
17 35
17 38
17 41
17 45
17 48
18 23
18 25
18 26
18 28
18 30
18 36
18 41
18 42
18 47
19 20
19 25
19 28
19 30
19 37
19 40
19 46
19 49
20 28
20 30
20 33
20 35
20 44
21 22
21 23
21 25
21 26
21 28
21 29
21 33
21 39
21 42
21 44
21 47
22 24
22 25
22 27
22 31
22 36
22 37
22 41
22 46
22 49
23 25
23 31
23 32
23 39
23 46
23 47
23 49
24 26
24 29
24 30
24 33
24 41
24 42
24 48
25 27
25 29
25 33
25 34
25 39
25 46
25 47
25 48
26 31
26 32
26 33
26 35
26 36
26 41
26 46
27 31
27 34
27 43
27 46
28 29
28 37
28 39
28 40
28 42
28 44
28 45
28 46
28 49
29 30
29 31
29 35
29 36
29 39
29 41
29 42
29 43
30 31
30 37
30 39
30 40
30 42
30 44
30 47
30 48
30 49
31 36
31 40
31 41
31 42
31 44
31 45
31 46
31 47
32 33
32 34
32 35
32 36
32 38
32 40
32 44
32 49
33 34
33 45
33 49
34 36
34 39
34 40
34 44
34 49
35 38
35 45
35 47
36 38
36 43
36 47
36 48
37 38
37 40
37 44
37 47
37 48
37 49
38 41
38 42
38 43
38 49
39 40
39 43
39 44
39 49
40 41
40 44
41 42
41 46
42 46
43 46
44 45
44 48
45 47
46 47
46 48