150
5521
0 0.33
1 0.92
2 0.83
3 0.26
4 0.92
5 0.02
6 0.96
7 0.19
8 0.06
9 0.92
10 0.72
11 0.90
12 0.54
13 0.84
14 0.03
15 0.61
16 0.84
17 0.28
18 0.53
19 0.41
20 0.66
21 0.21
22 0.04
23 0.91
24 0.83
25 0.22
26 0.35
27 0.23
28 0.79
29 0.03
30 0.46
31 0.48
32 0.14
33 0.68
34 0.13
35 0.59
36 0.93
37 0.06
38 0.38
39 0.20
40 0.01
41 0.35
42 0.37
43 0.04
44 0.47
45 0.29
46 0.41
47 0.67
48 0.17
49 0.03
50 0.93
51 0.98
52 0.60
53 0.77
54 0.22
55 0.33
56 0.70
57 0.14
58 0.44
59 0.98
60 0.56
61 0.81
62 0.39
63 0.54
64 0.02
65 0.62
66 0.74
67 0.07
68 0.57
69 0.35
70 0.96
71 0.59
72 0.94
73 0.83
74 0.50
75 0.39
76 0.08
77 0.79
78 0.93
79 0.73
80 0.65
81 0.15
82 0.61
83 0.40
84 0.93
85 0.59
86 0.29
87 0.17
88 0.88
89 0.66
90 0.22
91 0.76
92 0.95
93 0.19
94 0.64
95 0.95
96 0.22
97 0.66
98 0.46
99 0.67
100 0.08
101 0.55
102 0.44
103 0.56
104 0.45
105 0.88
106 0.08
107 0.20
108 0.77
109 0.53
110 0.73
111 0.66
112 0.59
113 0.26
114 0.73
115 0.64
116 1.00
117 0.03
118 0.34
119 0.97
120 0.64
121 0.15
122 0.75
123 0.58
124 0.22
125 0.56
126 0.46
127 0.64
128 0.16
129 0.93
130 0.80
131 0.55
132 0.65
133 0.70
134 0.01
135 0.28
136 0.55
137 0.62
138 0.95
139 0.71
140 0.07
141 0.60
142 0.63
143 0.43
144 0.68
145 0.38
146 0.40
147 0.77
148 0.99
149 0.76
0 1
0 4
0 6
0 7
0 11
0 14
0 16
0 17
0 20
0 23
0 24
0 26
0 29
0 31
0 32
0 34
0 35
0 36
0 39
0 42
0 43
0 45
0 47
0 48
0 52
0 55
0 56
0 60
0 61
0 68
0 69
0 71
0 72
0 73
0 74
0 78
0 80
0 81
0 82
0 84
0 85
0 86
0 87
0 88
0 89
0 91
0 95
0 97
0 98
0 100
0 103
0 105
0 107
0 109
0 110
0 111
0 113
0 114
0 115
0 117
0 119
0 121
0 122
0 125
0 126
0 128
0 129
0 130
0 136
0 137
0 141
0 148
1 3
1 8
1 9
1 15
1 16
1 17
1 18
1 23
1 24
1 27
1 28
1 29
1 32
1 33
1 37
1 38
1 39
1 40
1 41
1 45
1 47
1 48
1 50
1 51
1 52
1 53
1 54
1 55
1 56
1 58
1 59
1 60
1 61
1 62
1 63
1 64
1 66
1 67
1 68
1 69
1 70
1 71
1 74
1 76
1 77
1 83
1 85
1 86
1 90
1 99
1 100
1 101
1 104
1 110
1 111
1 112
1 114
1 115
1 116
1 117
1 119
1 123
1 125
1 126
1 127
1 132
1 134
1 135
1 137
1 138
1 141
1 143
1 148
2 5
2 8
2 11
2 12
2 13
2 14
2 15
2 16
2 17
2 19
2 20
2 21
2 22
2 24
2 26
2 28
2 29
2 31
2 32
2 33
2 34
2 35
2 38
2 40
2 42
2 43
2 46
2 48
2 52
2 54
2 56
2 57
2 60
2 61
2 63
2 64
2 66
2 68
2 69
2 73
2 76
2 77
2 80
2 81
2 83
2 88
2 89
2 90
2 92
2 96
2 97
2 100
2 101
2 103
2 110
2 111
2 115
2 117
2 118
2 120
2 127
2 129
2 130
2 133
2 136
2 138
2 140
2 141
2 145
2 146
3 5
3 7
3 9
3 11
3 15
3 16
3 22
3 23
3 24
3 26
3 28
3 34
3 37
3 38
3 39
3 41
3 43
3 45
3 48
3 51
3 52
3 54
3 57
3 59
3 60
3 64
3 66
3 67
3 68
3 73
3 74
3 77
3 78
3 82
3 83
3 85
3 88
3 89
3 90
3 91
3 94
3 104
3 106
3 108
3 109
3 110
3 111
3 112
3 114
3 115
3 117
3 118
3 123
3 124
3 125
3 127
3 128
3 129
3 131
3 135
3 137
3 139
3 140
3 141
3 142
3 144
3 145
3 146
3 147
3 148
4 5
4 6
4 9
4 10
4 11
4 12
4 14
4 17
4 18
4 20
4 24
4 27
4 28
4 29
4 30
4 37
4 38
4 43
4 45
4 47
4 48
4 49
4 50
4 53
4 55
4 57
4 59
4 60
4 63
4 64
4 69
4 72
4 76
4 77
4 80
4 82
4 84
4 87
4 88
4 89
4 90
4 91
4 92
4 94
4 95
4 97
4 98
4 99
4 106
4 109
4 110
4 113
4 115
4 117
4 120
4 124
4 127
4 128
4 129
4 131
4 132
4 133
4 137
4 139
4 140
4 142
4 143
4 145
4 146
4 147
4 148
5 8
5 10
5 16
5 17
5 19
5 23
5 27
5 29
5 30
5 32
5 38
5 45
5 47
5 48
5 50
5 51
5 53
5 56
5 60
5 61
5 63
5 64
5 68
5 73
5 75
5 79
5 81
5 82
5 84
5 87
5 89
5 90
5 92
5 96
5 97
5 99
5 101
5 102
5 103
5 107
5 108
5 109
5 110
5 114
5 116
5 118
5 120
5 122
5 124
5 125
5 126
5 127
5 128
5 131
5 132
5 133
5 134
5 138
5 139
5 146
6 10
6 12
6 13
6 14
6 16
6 17
6 20
6 22
6 23
6 24
6 26
6 29
6 31
6 32
6 34
6 36
6 39
6 40
6 41
6 42
6 46
6 47
6 48
6 49
6 50
6 51
6 54
6 55
6 57
6 58
6 59
6 60
6 61
6 62
6 63
6 64
6 65
6 67
6 69
6 71
6 72
6 73
6 75
6 76
6 78
6 80
6 81
6 83
6 85
6 90
6 91
6 93
6 94
6 96
6 97
6 102
6 104
6 107
6 108
6 109
6 110
6 111
6 112
6 116
6 119
6 121
6 122
6 123
6 125
6 126
6 127
6 132
6 133
6 135
6 137
6 138
6 140
6 141
6 144
6 146
6 147
7 9
7 10
7 12
7 14
7 15
7 17
7 22
7 24
7 29
7 31
7 35
7 38
7 39
7 41
7 49
7 52
7 53
7 55
7 56
7 58
7 59
7 63
7 66
7 71
7 72
7 73
7 74
7 79
7 80
7 81
7 82
7 84
7 86
7 88
7 89
7 90
7 91
7 93
7 94
7 95
7 96
7 97
7 103
7 105
7 110
7 113
7 118
7 119
7 122
7 123
7 125
7 130
7 132
7 133
7 135
7 139
7 140
7 144
7 148
7 149
8 9
8 10
8 12
8 20
8 21
8 24
8 26
8 27
8 31
8 32
8 33
8 34
8 35
8 37
8 38
8 40
8 41
8 43
8 44
8 45
8 46
8 48
8 51
8 54
8 55
8 57
8 58
8 59
8 61
8 62
8 64
8 65
8 66
8 71
8 72
8 73
8 74
8 75
8 77
8 78
8 79
8 83
8 84
8 85
8 87
8 89
8 92
8 94
8 95
8 96
8 98
8 102
8 104
8 108
8 109
8 112
8 114
8 116
8 117
8 125
8 129
8 130
8 131
8 135
8 140
8 142
8 144
8 147
9 14
9 16
9 18
9 22
9 28
9 29
9 30
9 33
9 35
9 36
9 37
9 38
9 39
9 40
9 42
9 45
9 46
9 48
9 49
9 50
9 51
9 52
9 54
9 55
9 57
9 61
9 62
9 63
9 68
9 73
9 80
9 81
9 82
9 83
9 88
9 89
9 96
9 98
9 100
9 106
9 108
9 109
9 110
9 111
9 121
9 122
9 126
9 128
9 129
9 131
9 135
9 138
9 140
9 141
9 142
9 146
9 148
9 149
10 12
10 13
10 15
10 16
10 18
10 21
10 25
10 27
10 30
10 31
10 34
10 35
10 36
10 37
10 38
10 39
10 40
10 42
10 44
10 45
10 46
10 47
10 48
10 50
10 51
10 52
10 55
10 56
10 59
10 61
10 64
10 67
10 68
10 69
10 72
10 74
10 75
10 76
10 77
10 79
10 81
10 83
10 86
10 87
10 90
10 92
10 93
10 94
10 96
10 98
10 99
10 102
10 104
10 106
10 111
10 112
10 113
10 115
10 117
10 120
10 122
10 123
10 125
10 126
10 128
10 129
10 133
10 134
10 135
10 136
10 138
10 139
10 142
10 143
10 149
11 15
11 21
11 22
11 26
11 27
11 31
11 32
11 36
11 40
11 43
11 44
11 46
11 47
11 50
11 53
11 55
11 56
11 57
11 58
11 59
11 61
11 65
11 66
11 67
11 68
11 70
11 71
11 72
11 73
11 76
11 77
11 78
11 81
11 82
11 83
11 84
11 86
11 87
11 88
11 90
11 91
11 92
11 95
11 97
11 99
11 103
11 106
11 109
11 110
11 111
11 112
11 114
11 115
11 116
11 117
11 118
11 121
11 122
11 123
11 124
11 125
11 126
11 128
11 129
11 131
11 132
11 137
11 138
11 141
11 143
11 145
11 147
11 149
12 13
12 15
12 16
12 17
12 18
12 19
12 20
12 21
12 22
12 24
12 25
12 26
12 27
12 29
12 31
12 34
12 35
12 36
12 37
12 40
12 41
12 42
12 45
12 48
12 49
12 50
12 51
12 52
12 54
12 57
12 59
12 61
12 63
12 64
12 65
12 66
12 67
12 70
12 74
12 78
12 79
12 81
12 85
12 88
12 90
12 91
12 95
12 97
12 98
12 104
12 105
12 109
12 111
12 113
12 114
12 115
12 116
12 119
12 121
12 123
12 125
12 127
12 128
12 130
12 132
12 136
12 137
12 139
12 140
12 142
12 145
12 147
13 14
13 15
13 18
13 25
13 29
13 30
13 33
13 34
13 35
13 36
13 37
13 38
13 39
13 40
13 41
13 42
13 45
13 46
13 50
13 51
13 53
13 54
13 55
13 56
13 59
13 61
13 64
13 66
13 67
13 69
13 70
13 71
13 72
13 73
13 75
13 76
13 77
13 78
13 81
13 82
13 83
13 85
13 87
13 90
13 92
13 93
13 95
13 101
13 103
13 104
13 108
13 110
13 111
13 112
13 117
13 119
13 120
13 122
13 123
13 124
13 125
13 126
13 127
13 129
13 131
13 133
13 134
13 135
13 137
13 141
13 143
13 144
13 145
13 146
13 148
14 16
14 17
14 18
14 22
14 27
14 28
14 29
14 30
14 31
14 32
14 34
14 36
14 37
14 40
14 42
14 46
14 48
14 49
14 50
14 52
14 55
14 57
14 58
14 59
14 61
14 64
14 65
14 66
14 67
14 69
14 70
14 71
14 73
14 74
14 76
14 77
14 79
14 80
14 82
14 83
14 85
14 86
14 88
14 90
14 92
14 94
14 95
14 96
14 99
14 100
14 102
14 105
14 106
14 107
14 111
14 112
14 116
14 117
14 120
14 121
14 122
14 127
14 129
14 130
14 131
14 133
14 134
14 135
14 136
14 141
14 142
14 145
14 146
14 147
14 148
14 149
15 18
15 19
15 20
15 22
15 24
15 26
15 27
15 28
15 30
15 31
15 32
15 33
15 34
15 39
15 40
15 41
15 42
15 44
15 45
15 47
15 48
15 49
15 50
15 51
15 54
15 57
15 58
15 61
15 62
15 64
15 65
15 67
15 69
15 70
15 71
15 72
15 75
15 83
15 84
15 85
15 90
15 91
15 92
15 93
15 97
15 98
15 99
15 101
15 102
15 103
15 104
15 105
15 107
15 108
15 109
15 118
15 119
15 121
15 122
15 124
15 128
15 129
15 130
15 131
15 132
15 133
15 134
15 135
15 137
15 138
15 140
15 142
15 143
15 145
15 146
16 18
16 19
16 20
16 22
16 23
16 24
16 25
16 26
16 30
16 32
16 33
16 35
16 37
16 39
16 40
16 41
16 45
16 51
16 55
16 58
16 68
16 69
16 70
16 73
16 75
16 77
16 78
16 84
16 85
16 86
16 87
16 88
16 89
16 92
16 93
16 94
16 95
16 96
16 99
16 100
16 101
16 104
16 105
16 107
16 111
16 112
16 113
16 115
16 117
16 118
16 119
16 120
16 122
16 123
16 127
16 129
16 130
16 132
16 133
16 134
16 135
16 136
16 137
16 141
16 143
16 146
16 148
17 20
17 22
17 25
17 26
17 27
17 32
17 38
17 39
17 40
17 44
17 49
17 52
17 54
17 55
17 56
17 57
17 62
17 63
17 64
17 67
17 68
17 69
17 70
17 71
17 72
17 73
17 78
17 81
17 82
17 87
17 88
17 91
17 94
17 95
17 99
17 101
17 102
17 104
17 105
17 107
17 108
17 110
17 113
17 114
17 115
17 116
17 119
17 122
17 123
17 124
17 126
17 133
17 134
17 135
17 136
17 139
17 140
17 141
17 143
17 144
17 146
17 148
18 19
18 21
18 22
18 23
18 26
18 27
18 30
18 32
18 33
18 34
18 36
18 37
18 38
18 40
18 44
18 46
18 49
18 50
18 51
18 53
18 56
18 57
18 58
18 62
18 63
18 66
18 68
18 69
18 70
18 71
18 73
18 77
18 80
18 81
18 83
18 87
18 88
18 89
18 90
18 94
18 96
18 98
18 101
18 104
18 105
18 109
18 110
18 113
18 115
18 122
18 123
18 124
18 126
18 130
18 131
18 132
18 133
18 136
18 137
18 138
18 139
18 140
18 141
18 142
18 145
18 146
19 21
19 22
19 23
19 24
19 27
19 28
19 30
19 33
19 36
19 37
19 42
19 43
19 46
19 48
19 49
19 50
19 51
19 52
19 54
19 55
19 57
19 58
19 60
19 63
19 64
19 65
19 66
19 68
19 70
19 71
19 72
19 74
19 75
19 76
19 79
19 82
19 85
19 91
19 93
19 97
19 98
19 100
19 101
19 103
19 104
19 105
19 106
19 107
19 109
19 111
19 112
19 115
19 116
19 117
19 118
19 123
19 124
19 125
19 127
19 128
19 129
19 131
19 132
19 138
19 140
19 143
19 146
19 148
19 149
20 24
20 25
20 26
20 28
20 30
20 34
20 35
20 36
20 39
20 43
20 44
20 45
20 46
20 47
20 52
20 53
20 55
20 57
20 58
20 61
20 62
20 63
20 65
20 66
20 67
20 69
20 70
20 71
20 74
20 75
20 76
20 77
20 78
20 79
20 80
20 81
20 82
20 84
20 88
20 89
20 90
20 92
20 93
20 94
20 96
20 99
20 100
20 102
20 106
20 107
20 108
20 109
20 111
20 112
20 115
20 117
20 118
20 119
20 120
20 121
20 126
20 127
20 128
20 129
20 130
20 132
20 133
20 134
20 136
20 137
20 140
20 142
20 143
20 144
20 148
21 22
21 24
21 27
21 29
21 32
21 34
21 36
21 37
21 38
21 42
21 45
21 46
21 50
21 53
21 54
21 57
21 58
21 61
21 63
21 64
21 65
21 67
21 71
21 72
21 73
21 75
21 78
21 81
21 83
21 84
21 87
21 89
21 90
21 93
21 95
21 96
21 97
21 99
21 100
21 101
21 103
21 107
21 108
21 110
21 112
21 115
21 120
21 121
21 123
21 125
21 126
21 127
21 130
21 134
21 135
21 136
21 138
21 140
21 142
21 144
21 145
21 147
21 148
21 149
22 23
22 24
22 25
22 27
22 29
22 30
22 33
22 34
22 36
22 37
22 38
22 39
22 40
22 41
22 44
22 47
22 50
22 51
22 52
22 53
22 55
22 56
22 57
22 58
22 59
22 60
22 61
22 64
22 65
22 66
22 73
22 75
22 76
22 77
22 78
22 81
22 82
22 84
22 85
22 87
22 88
22 89
22 90
22 91
22 92
22 94
22 95
22 97
22 99
22 102
22 103
22 105
22 109
22 110
22 111
22 112
22 119
22 120
22 121
22 122
22 125
22 126
22 129
22 132
22 137
22 138
22 141
22 145
22 146
22 148
22 149
23 26
23 32
23 37
23 38
23 39
23 41
23 43
23 45
23 47
23 52
23 54
23 55
23 56
23 57
23 58
23 62
23 63
23 64
23 65
23 69
23 70
23 71
23 75
23 76
23 77
23 80
23 81
23 82
23 84
23 85
23 89
23 93
23 95
23 97
23 99
23 101
23 102
23 103
23 109
23 111
23 113
23 115
23 116
23 118
23 120
23 123
23 125
23 126
23 131
23 132
23 133
23 134
23 135
23 137
23 139
23 140
23 142
23 146
23 147
23 148
24 25
24 26
24 27
24 28
24 29
24 31
24 34
24 36
24 37
24 38
24 39
24 40
24 45
24 51
24 53
24 55
24 56
24 58
24 62
24 65
24 66
24 67
24 68
24 70
24 72
24 73
24 74
24 75
24 76
24 78
24 79
24 82
24 83
24 87
24 88
24 89
24 90
24 95
24 98
24 100
24 101
24 102
24 104
24 106
24 108
24 111
24 112
24 114
24 117
24 119
24 123
24 124
24 128
24 131
24 133
24 135
24 137
24 138
24 139
24 141
24 142
24 145
24 148
25 26
25 27
25 29
25 31
25 35
25 36
25 39
25 41
25 44
25 46
25 49
25 53
25 55
25 57
25 58
25 60
25 63
25 64
25 66
25 68
25 70
25 71
25 72
25 76
25 77
25 81
25 83
25 84
25 85
25 86
25 87
25 91
25 93
25 94
25 95
25 99
25 100
25 101
25 104
25 106
25 107
25 108
25 110
25 111
25 113
25 116
25 117
25 120
25 123
25 126
25 127
25 131
25 134
25 135
25 137
25 139
25 142
25 143
25 145
25 146
25 148
25 149
26 27
26 37
26 40
26 42
26 43
26 48
26 51
26 52
26 55
26 57
26 59
26 60
26 62
26 63
26 64
26 66
26 67
26 71
26 73
26 75
26 83
26 85
26 88
26 89
26 91
26 92
26 93
26 95
26 96
26 97
26 98
26 99
26 100
26 101
26 102
26 103
26 104
26 105
26 107
26 113
26 114
26 118
26 120
26 122
26 125
26 126
26 128
26 130
26 132
26 133
26 136
26 138
26 139
26 141
26 142
26 144
26 145
26 146
26 148
26 149
27 28
27 29
27 33
27 34
27 35
27 37
27 38
27 39
27 41
27 42
27 44
27 45
27 46
27 47
27 48
27 50
27 51
27 52
27 53
27 55
27 60
27 68
27 69
27 74
27 76
27 77
27 80
27 86
27 90
27 91
27 98
27 99
27 101
27 102
27 105
27 107
27 109
27 110
27 111
27 112
27 113
27 115
27 117
27 118
27 119
27 120
27 122
27 123
27 125
27 127
27 128
27 134
27 135
27 137
27 139
27 140
27 146
27 147
27 149
28 29
28 30
28 32
28 35
28 37
28 40
28 47
28 49
28 50
28 52
28 53
28 54
28 56
28 58
28 60
28 62
28 65
28 66
28 70
28 72
28 73
28 75
28 77
28 78
28 79
28 82
28 85
28 89
28 90
28 91
28 93
28 95
28 97
28 99
28 100
28 101
28 105
28 106
28 109
28 111
28 115
28 116
28 118
28 119
28 120
28 121
28 122
28 123
28 124
28 125
28 126
28 128
28 129
28 132
28 134
28 140
28 142
28 143
28 146
29 31
29 32
29 34
29 35
29 37
29 38
29 39
29 41
29 42
29 46
29 48
29 50
29 51
29 53
29 54
29 55
29 58
29 61
29 66
29 72
29 73
29 76
29 82
29 84
29 86
29 88
29 89
29 90
29 91
29 93
29 95
29 96
29 97
29 98
29 99
29 101
29 103
29 105
29 109
29 113
29 114
29 117
29 118
29 120
29 122
29 124
29 125
29 127
29 128
29 131
29 132
29 133
29 136
29 138
29 139
29 142
29 143
29 145
29 146
29 147
29 148
30 33
30 34
30 35
30 37
30 40
30 41
30 49
30 51
30 53
30 54
30 57
30 58
30 59
30 64
30 65
30 70
30 73
30 75
30 79
30 80
30 81
30 83
30 86
30 87
30 95
30 97
30 98
30 99
30 101
30 102
30 105
30 107
30 109
30 110
30 112
30 113
30 117
30 120
30 125
30 126
30 131
30 133
30 134
30 136
30 138
30 140
30 144
30 148
30 149
31 33
31 37
31 38
31 39
31 40
31 41
31 43
31 45
31 46
31 47
31 51
31 52
31 54
31 55
31 57
31 58
31 59
31 61
31 62
31 63
31 69
31 70
31 71
31 72
31 73
31 76
31 77
31 78
31 79
31 81
31 83
31 85
31 87
31 88
31 93
31 95
31 98
31 99
31 101
31 102
31 106
31 108
31 110
31 111
31 112
31 115
31 116
31 119
31 123
31 124
31 126
31 127
31 128
31 131
31 133
31 134
31 136
31 141
31 143
31 144
31 148
31 149
32 33
32 35
32 37
32 38
32 42
32 43
32 44
32 46
32 50
32 51
32 54
32 56
32 59
32 60
32 61
32 65
32 66
32 67
32 71
32 73
32 74
32 77
32 78
32 79
32 80
32 81
32 82
32 83
32 84
32 88
32 92
32 96
32 97
32 98
32 99
32 100
32 102
32 104
32 105
32 107
32 108
32 109
32 110
32 113
32 115
32 117
32 118
32 120
32 124
32 125
32 130
32 131
32 132
32 133
32 135
32 137
32 138
32 139
32 143
32 145
32 146
32 149
33 34
33 38
33 39
33 43
33 44
33 46
33 47
33 48
33 49
33 51
33 53
33 55
33 58
33 59
33 60
33 62
33 64
33 66
33 67
33 68
33 73
33 74
33 75
33 77
33 90
33 91
33 95
33 97
33 98
33 100
33 101
33 102
33 103
33 105
33 107
33 109
33 110
33 111
33 114
33 115
33 117
33 118
33 122
33 125
33 131
33 132
33 133
33 136
33 138
33 140
33 142
33 143
33 146
33 148
33 149
34 35
34 38
34 39
34 41
34 43
34 44
34 46
34 51
34 57
34 60
34 62
34 63
34 65
34 66
34 71
34 73
34 74
34 75
34 80
34 82
34 83
34 84
34 86
34 89
34 90
34 95
34 96
34 97
34 102
34 104
34 108
34 109
34 111
34 112
34 114
34 115
34 116
34 118
34 119
34 120
34 121
34 124
34 125
34 126
34 129
34 130
34 132
34 133
34 135
34 136
34 142
34 146
34 148
35 37
35 39
35 42
35 43
35 45
35 46
35 47
35 49
35 50
35 52
35 54
35 56
35 59
35 60
35 61
35 67
35 68
35 69
35 72
35 73
35 74
35 75
35 76
35 79
35 82
35 83
35 88
35 93
35 95
35 96
35 97
35 99
35 103
35 104
35 105
35 107
35 108
35 111
35 112
35 113
35 114
35 116
35 121
35 123
35 124
35 128
35 129
35 130
35 131
35 133
35 134
35 136
35 137
35 141
35 142
35 143
35 144
35 147
35 148
36 37
36 38
36 44
36 48
36 58
36 59
36 60
36 65
36 66
36 67
36 68
36 69
36 71
36 72
36 76
36 78
36 79
36 80
36 83
36 92
36 93
36 96
36 99
36 100
36 101
36 103
36 104
36 105
36 107
36 110
36 112
36 113
36 115
36 116
36 117
36 118
36 119
36 120
36 121
36 123
36 124
36 126
36 128
36 131
36 134
36 135
36 138
36 139
36 143
36 147
37 38
37 42
37 43
37 45
37 46
37 47
37 49
37 50
37 53
37 56
37 57
37 59
37 60
37 61
37 67
37 70
37 71
37 72
37 79
37 83
37 87
37 89
37 92
37 93
37 96
37 98
37 103
37 104
37 107
37 108
37 110
37 111
37 112
37 114
37 115
37 117
37 118
37 120
37 121
37 122
37 124
37 125
37 127
37 128
37 130
37 131
37 134
37 136
37 139
37 141
37 142
37 143
37 145
37 148
37 149
38 39
38 41
38 44
38 45
38 48
38 49
38 50
38 51
38 53
38 54
38 58
38 59
38 62
38 63
38 64
38 65
38 70
38 73
38 75
38 78
38 79
38 80
38 81
38 82
38 87
38 88
38 90
38 92
38 94
38 95
38 96
38 100
38 102
38 104
38 106
38 108
38 112
38 113
38 114
38 116
38 118
38 120
38 122
38 127
38 131
38 134
38 135
38 138
38 140
38 141
38 143
38 145
38 146
39 43
39 44
39 49
39 50
39 51
39 52
39 54
39 55
39 59
39 61
39 68
39 70
39 71
39 74
39 76
39 80
39 81
39 82
39 85
39 89
39 94
39 95
39 96
39 98
39 99
39 104
39 106
39 108
39 109
39 111
39 112
39 114
39 115
39 118
39 119
39 120
39 121
39 124
39 125
39 132
39 133
39 136
39 137
39 138
39 139
39 141
39 143
39 144
39 145
39 146
40 45
40 46
40 47
40 49
40 53
40 54
40 58
40 59
40 61
40 67
40 74
40 75
40 76
40 77
40 78
40 80
40 83
40 85
40 86
40 88
40 89
40 90
40 91
40 92
40 93
40 94
40 95
40 100
40 101
40 106
40 111
40 113
40 115
40 117
40 119
40 122
40 124
40 127
40 128
40 130
40 132
40 133
40 134
40 138
40 140
40 143
40 147
40 149
41 42
41 44
41 46
41 48
41 49
41 50
41 54
41 57
41 60
41 61
41 62
41 63
41 66
41 70
41 74
41 78
41 80
41 81
41 82
41 86
41 88
41 94
41 95
41 96
41 101
41 102
41 103
41 104
41 107
41 111
41 112
41 113
41 115
41 118
41 119
41 120
41 121
41 123
41 125
41 126
41 128
41 129
41 130
41 131
41 132
41 134
41 135
41 138
41 140
41 141
41 142
41 145
41 146
41 149
42 43
42 50
42 51
42 52
42 54
42 56
42 57
42 58
42 59
42 60
42 62
42 63
42 64
42 65
42 66
42 70
42 74
42 79
42 81
42 82
42 83
42 86
42 90
42 92
42 94
42 96
42 98
42 99
42 101
42 102
42 107
42 109
42 110
42 111
42 114
42 115
42 116
42 117
42 124
42 125
42 126
42 128
42 129
42 130
42 132
42 136
42 137
42 138
42 139
42 141
42 142
42 143
43 44
43 48
43 49
43 50
43 55
43 58
43 59
43 64
43 65
43 66
43 67
43 70
43 71
43 72
43 73
43 75
43 76
43 77
43 78
43 80
43 83
43 84
43 86
43 87
43 89
43 91
43 95
43 100
43 101
43 104
43 107
43 108
43 109
43 111
43 112
43 119
43 122
43 128
43 132
43 134
43 139
43 142
43 143
43 144
43 145
43 147
44 45
44 47
44 50
44 57
44 67
44 68
44 69
44 72
44 75
44 77
44 80
44 81
44 83
44 84
44 85
44 86
44 89
44 91
44 93
44 97
44 98
44 99
44 100
44 102
44 107
44 108
44 109
44 110
44 112
44 113
44 114
44 115
44 117
44 120
44 121
44 125
44 128
44 130
44 132
44 133
44 135
44 142
44 144
44 145
45 47
45 49
45 50
45 51
45 54
45 55
45 58
45 60
45 61
45 64
45 65
45 66
45 67
45 68
45 69
45 71
45 72
45 73
45 77
45 78
45 80
45 82
45 83
45 87
45 88
45 89
45 90
45 91
45 94
45 96
45 97
45 99
45 103
45 104
45 105
45 107
45 109
45 111
45 113
45 114
45 115
45 118
45 119
45 122
45 123
45 127
45 129
45 130
45 131
45 132
45 134
45 135
45 137
45 139
45 141
45 145
45 146
45 149
46 49
46 51
46 52
46 53
46 54
46 57
46 60
46 62
46 68
46 72
46 73
46 80
46 81
46 82
46 83
46 87
46 91
46 92
46 94
46 95
46 97
46 99
46 100
46 102
46 105
46 108
46 111
46 112
46 116
46 119
46 120
46 122
46 124
46 125
46 129
46 132
46 134
46 136
46 139
46 141
46 142
46 143
46 144
46 145
46 149
47 49
47 52
47 55
47 57
47 58
47 59
47 60
47 61
47 63
47 64
47 67
47 68
47 69
47 73
47 74
47 75
47 78
47 80
47 81
47 84
47 87
47 91
47 93
47 95
47 96
47 97
47 99
47 100
47 101
47 102
47 104
47 105
47 106
47 107
47 109
47 110
47 111
47 112
47 113
47 114
47 115
47 123
47 124
47 129
47 130
47 133
47 134
47 138
47 139
47 140
47 141
47 142
47 143
47 147
47 149
48 50
48 52
48 53
48 54
48 56
48 57
48 58
48 59
48 60
48 66
48 67
48 68
48 70
48 71
48 72
48 74
48 75
48 77
48 78
48 79
48 82
48 83
48 85
48 86
48 87
48 88
48 90
48 93
48 94
48 96
48 97
48 98
48 99
48 103
48 104
48 111
48 113
48 114
48 115
48 116
48 117
48 124
48 125
48 126
48 130
48 131
48 134
48 135
48 141
48 142
48 144
48 148
48 149
49 50
49 51
49 52
49 54
49 57
49 59
49 62
49 64
49 65
49 66
49 68
49 74
49 75
49 76
49 78
49 80
49 81
49 82
49 83
49 84
49 87
49 90
49 92
49 95
49 96
49 97
49 98
49 100
49 101
49 104
49 105
49 109
49 110
49 116
49 117
49 120
49 121
49 124
49 125
49 129
49 131
49 133
49 134
49 135
49 138
49 139
49 140
49 144
49 146
49 147
49 148
49 149
50 51
50 52
50 53
50 55
50 60
50 61
50 62
50 64
50 65
50 67
50 69
50 71
50 74
50 78
50 81
50 82
50 85
50 86
50 87
50 88
50 89
50 90
50 91
50 97
50 100
50 104
50 106
50 108
50 110
50 114
50 115
50 119
50 123
50 126
50 128
50 132
50 134
50 135
50 136
50 137
50 141
50 148
51 52
51 56
51 59
51 60
51 62
51 63
51 65
51 66
51 67
51 68
51 70
51 71
51 72
51 73
51 74
51 77
51 78
51 82
51 85
51 86
51 88
51 89
51 90
51 92
51 95
51 96
51 97
51 99
51 101
51 103
51 105
51 106
51 108
51 109
51 110
51 111
51 112
51 113
51 114
51 116
51 119
51 121
51 122
51 123
51 124
51 127
51 128
51 129
51 132
51 134
51 137
51 139
51 142
51 144
51 146
51 147
52 55
52 56
52 58
52 60
52 62
52 63
52 65
52 66
52 67
52 68
52 70
52 71
52 72
52 80
52 81
52 84
52 85
52 86
52 87
52 88
52 92
52 94
52 95
52 96
52 98
52 100
52 101
52 102
52 103
52 104
52 106
52 107
52 108
52 110
52 111
52 112
52 115
52 119
52 120
52 121
52 122
52 123
52 124
52 125
52 135
52 138
52 141
52 142
52 145
52 146
52 147
52 149
53 54
53 56
53 57
53 58
53 59
53 60
53 63
53 64
53 67
53 72
53 75
53 77
53 78
53 79
53 82
53 84
53 86
53 87
53 91
53 95
53 96
53 97
53 103
53 104
53 110
53 112
53 113
53 116
53 118
53 119
53 123
53 124
53 128
53 130
53 133
53 134
53 139
53 141
53 142
53 146
53 147
53 149
54 55
54 56
54 57
54 59
54 63
54 66
54 67
54 69
54 71
54 75
54 78
54 80
54 81
54 82
54 84
54 85
54 86
54 87
54 88
54 90
54 92
54 98
54 101
54 102
54 103
54 105
54 106
54 113
54 114
54 117
54 118
54 121
54 123
54 127
54 131
54 132
54 134
54 135
54 136
54 137
54 138
54 140
54 142
54 145
54 146
55 58
55 62
55 64
55 67
55 72
55 73
55 76
55 77
55 79
55 80
55 81
55 82
55 84
55 85
55 86
55 87
55 88
55 90
55 95
55 96
55 97
55 98
55 101
55 110
55 113
55 114
55 115
55 116
55 117
55 118
55 121
55 123
55 124
55 129
55 130
55 132
55 133
55 134
55 137
55 138
55 140
55 148
56 62
56 63
56 64
56 66
56 69
56 72
56 73
56 76
56 77
56 78
56 79
56 80
56 83
56 85
56 87
56 89
56 90
56 91
56 92
56 93
56 95
56 96
56 97
56 98
56 99
56 104
56 107
56 112
56 115
56 118
56 122
56 123
56 124
56 125
56 127
56 129
56 133
56 136
56 137
56 140
56 141
56 142
56 144
56 145
56 148
57 62
57 68
57 70
57 73
57 75
57 76
57 79
57 81
57 83
57 85
57 87
57 92
57 95
57 96
57 97
57 98
57 100
57 101
57 104
57 105
57 108
57 110
57 111
57 112
57 113
57 115
57 116
57 118
57 119
57 122
57 124
57 127
57 128
57 129
57 134
57 135
57 138
57 140
57 141
57 142
57 144
57 145
57 146
57 147
57 148
57 149
58 61
58 62
58 63
58 68
58 70
58 73
58 74
58 75
58 76
58 77
58 80
58 89
58 90
58 91
58 92
58 93
58 96
58 97
58 98
58 100
58 101
58 102
58 103
58 104
58 105
58 107
58 108
58 117
58 118
58 121
58 123
58 124
58 128
58 129
58 131
58 132
58 133
58 134
58 136
58 139
58 140
58 141
58 143
58 146
59 60
59 61
59 63
59 64
59 66
59 67
59 68
59 69
59 70
59 71
59 72
59 73
59 75
59 78
59 79
59 81
59 83
59 84
59 85
59 86
59 87
59 89
59 92
59 95
59 96
59 97
59 99
59 101
59 102
59 106
59 109
59 110
59 112
59 117
59 119
59 121
59 123
59 124
59 125
59 126
59 128
59 129
59 131
59 134
59 136
59 139
59 140
59 141
59 142
59 143
59 148
60 63
60 67
60 68
60 70
60 71
60 73
60 74
60 75
60 77
60 82
60 84
60 86
60 89
60 91
60 92
60 94
60 95
60 98
60 101
60 103
60 104
60 105
60 106
60 108
60 109
60 111
60 114
60 115
60 117
60 119
60 121
60 122
60 123
60 129
60 130
60 131
60 132
60 134
60 136
60 138
60 144
60 145
60 147
60 148
60 149
61 63
61 64
61 65
61 68
61 70
61 73
61 74
61 75
61 76
61 77
61 81
61 83
61 84
61 85
61 86
61 87
61 88
61 89
61 90
61 92
61 94
61 96
61 97
61 99
61 100
61 101
61 102
61 103
61 104
61 105
61 106
61 107
61 109
61 110
61 111
61 113
61 119
61 120
61 122
61 123
61 124
61 125
61 126
61 129
61 130
61 131
61 132
61 133
61 134
61 136
61 138
61 143
61 144
61 146
61 148
62 63
62 65
62 66
62 70
62 71
62 73
62 74
62 77
62 80
62 85
62 88
62 89
62 90
62 91
62 93
62 95
62 96
62 102
62 103
62 104
62 105
62 109
62 110
62 113
62 115
62 118
62 119
62 121
62 123
62 124
62 127
62 130
62 131
62 133
62 134
62 135
62 136
62 138
62 139
62 140
62 141
62 144
62 145
62 147
63 68
63 69
63 70
63 74
63 76
63 78
63 82
63 84
63 87
63 88
63 89
63 90
63 91
63 93
63 94
63 96
63 97
63 101
63 102
63 105
63 106
63 108
63 110
63 111
63 112
63 113
63 115
63 116
63 118
63 119
63 120
63 121
63 122
63 123
63 126
63 128
63 130
63 132
63 134
63 139
63 142
63 144
63 145
63 146
63 147
63 148
64 68
64 70
64 71
64 72
64 75
64 78
64 79
64 84
64 88
64 92
64 94
64 95
64 96
64 97
64 102
64 103
64 104
64 105
64 106
64 107
64 109
64 111
64 112
64 113
64 114
64 115
64 116
64 119
64 120
64 122
64 125
64 127
64 132
64 134
64 136
64 137
64 140
64 141
64 143
64 146
64 147
64 148
65 69
65 70
65 71
65 74
65 75
65 76
65 77
65 79
65 83
65 85
65 86
65 87
65 91
65 92
65 95
65 98
65 99
65 103
65 104
65 105
65 106
65 107
65 108
65 114
65 115
65 117
65 119
65 120
65 121
65 122
65 124
65 127
65 129
65 134
65 135
65 136
65 144
65 145
65 148
66 68
66 69
66 70
66 71
66 72
66 75
66 76
66 78
66 80
66 83
66 85
66 86
66 88
66 89
66 90
66 92
66 94
66 96
66 105
66 107
66 109
66 111
66 112
66 113
66 114
66 117
66 122
66 123
66 125
66 128
66 132
66 134
66 140
66 141
66 142
66 145
66 148
67 68
67 70
67 71
67 74
67 75
67 76
67 77
67 78
67 79
67 82
67 83
67 85
67 89
67 90
67 91
67 92
67 94
67 96
67 97
67 98
67 99
67 100
67 101
67 105
67 106
67 107
67 108
67 109
67 114
67 115
67 120
67 121
67 122
67 124
67 126
67 127
67 129
67 131
67 136
67 138
67 139
67 141
67 143
67 147
67 148
68 69
68 73
68 76
68 77
68 78
68 82
68 83
68 84
68 86
68 87
68 88
68 90
68 93
68 94
68 96
68 97
68 102
68 104
68 105
68 106
68 108
68 109
68 111
68 113
68 114
68 115
68 118
68 121
68 122
68 123
68 124
68 126
68 128
68 131
68 135
68 136
68 137
68 142
68 145
68 148
68 149
69 71
69 72
69 76
69 79
69 82
69 86
69 88
69 89
69 93
69 98
69 100
69 101
69 103
69 104
69 107
69 109
69 115
69 116
69 117
69 119
69 124
69 125
69 128
69 131
69 134
69 135
69 137
69 139
69 144
69 147
69 149
70 71
70 72
70 73
70 75
70 76
70 78
70 79
70 81
70 83
70 84
70 86
70 88
70 89
70 91
70 94
70 97
70 98
70 99
70 101
70 103
70 104
70 105
70 107
70 108
70 111
70 114
70 115
70 117
70 118
70 119
70 121
70 124
70 125
70 126
70 128
70 129
70 131
70 135
70 140
70 142
70 143
70 146
70 147
70 149
71 72
71 73
71 74
71 75
71 77
71 79
71 80
71 81
71 82
71 89
71 92
71 93
71 94
71 96
71 101
71 102
71 104
71 108
71 110
71 111
71 113
71 114
71 115
71 116
71 119
71 120
71 121
71 123
71 125
71 129
71 131
71 134
71 135
71 137
71 138
71 139
71 142
71 143
71 144
71 145
71 149
72 74
72 76
72 78
72 79
72 80
72 81
72 82
72 84
72 85
72 92
72 97
72 100
72 101
72 103
72 104
72 107
72 109
72 110
72 111
72 112
72 117
72 121
72 122
72 124
72 125
72 126
72 129
72 130
72 133
72 134
72 135
72 136
72 140
72 141
72 143
72 145
72 147
73 78
73 79
73 80
73 82
73 84
73 85
73 87
73 88
73 89
73 91
73 92
73 93
73 99
73 102
73 103
73 104
73 106
73 110
73 111
73 112
73 113
73 115
73 120
73 126
73 128
73 129
73 132
73 136
73 138
73 142
73 144
73 146
73 147
74 76
74 77
74 78
74 79
74 80
74 81
74 83
74 84
74 85
74 87
74 90
74 93
74 94
74 95
74 96
74 98
74 99
74 102
74 103
74 107
74 108
74 109
74 111
74 112
74 116
74 120
74 121
74 125
74 127
74 134
74 135
74 136
74 137
74 139
74 141
74 142
74 143
74 144
75 76
75 77
75 78
75 80
75 82
75 84
75 86
75 90
75 91
75 95
75 96
75 97
75 98
75 102
75 105
75 107
75 108
75 111
75 112
75 113
75 114
75 116
75 117
75 119
75 120
75 121
75 122
75 124
75 126
75 127
75 128
75 129
75 132
75 133
75 136
75 137
75 138
75 141
75 142
75 145
75 146
75 149
76 77
76 79
76 80
76 83
76 88
76 89
76 91
76 93
76 94
76 96
76 97
76 98
76 99
76 101
76 102
76 103
76 105
76 107
76 108
76 110
76 111
76 112
76 113
76 117
76 118
76 119
76 120
76 121
76 123
76 125
76 126
76 127
76 128
76 130
76 137
76 138
76 142
76 146
76 147
77 79
77 80
77 83
77 84
77 88
77 93
77 94
77 95
77 97
77 101
77 102
77 104
77 105
77 107
77 108
77 111
77 113
77 114
77 117
77 118
77 126
77 127
77 128
77 130
77 135
77 139
77 140
77 141
77 143
77 144
77 146
77 147
77 148
77 149
78 79
78 80
78 82
78 83
78 87
78 89
78 90
78 95
78 97
78 99
78 101
78 104
78 105
78 106
78 107
78 108
78 109
78 112
78 114
78 116
78 117
78 118
78 124
78 125
78 126
78 128
78 132
78 134
78 135
78 137
78 138
78 139
78 143
78 145
78 146
78 148
78 149
79 84
79 86
79 87
79 88
79 89
79 90
79 92
79 95
79 97
79 100
79 102
79 104
79 105
79 106
79 107
79 108
79 110
79 111
79 112
79 117
79 118
79 119
79 122
79 123
79 124
79 125
79 126
79 129
79 130
79 131
79 132
79 134
79 136
79 143
79 144
79 147
79 148
79 149
80 81
80 89
80 91
80 92
80 94
80 96
80 97
80 99
80 101
80 102
80 104
80 107
80 111
80 113
80 114
80 115
80 119
80 120
80 131
80 133
80 135
80 136
80 140
80 143
80 144
80 148
80 149
81 84
81 87
81 88
81 89
81 94
81 95
81 99
81 100
81 104
81 106
81 109
81 111
81 113
81 115
81 118
81 121
81 123
81 128
81 130
81 134
81 135
81 136
81 139
81 140
81 144
81 147
82 83
82 84
82 85
82 88
82 89
82 92
82 93
82 94
82 95
82 97
82 99
82 100
82 101
82 104
82 109
82 111
82 113
82 114
82 118
82 123
82 124
82 125
82 129
82 130
82 131
82 133
82 135
82 136
82 137
82 141
82 142
82 143
82 144
82 145
82 147
82 149
83 84
83 85
83 86
83 88
83 91
83 95
83 96
83 97
83 98
83 99
83 104
83 107
83 111
83 115
83 119
83 121
83 123
83 124
83 125
83 127
83 129
83 131
83 135
83 136
83 137
83 139
83 140
83 141
83 144
83 146
83 147
84 85
84 89
84 91
84 92
84 94
84 96
84 97
84 101
84 106
84 107
84 111
84 112
84 113
84 117
84 118
84 121
84 124
84 126
84 130
84 131
84 132
84 135
84 137
84 138
84 139
84 143
84 145
84 147
84 148
84 149
85 87
85 88
85 90
85 91
85 92
85 93
85 94
85 97
85 98
85 102
85 104
85 105
85 109
85 110
85 112
85 113
85 114
85 115
85 116
85 117
85 120
85 125
85 127
85 128
85 129
85 130
85 131
85 133
85 134
85 137
85 138
85 141
85 142
85 145
86 87
86 88
86 89
86 96
86 98
86 100
86 101
86 105
86 106
86 109
86 111
86 115
86 116
86 117
86 124
86 131
86 132
86 139
86 140
86 141
86 142
86 143
86 149
87 88
87 89
87 90
87 91
87 93
87 96
87 98
87 99
87 102
87 103
87 104
87 105
87 107
87 108
87 109
87 111
87 112
87 115
87 119
87 120
87 122
87 125
87 128
87 129
87 130
87 132
87 133
87 139
87 143
87 146
87 148
88 89
88 96
88 97
88 99
88 107
88 111
88 112
88 116
88 119
88 123
88 124
88 126
88 128
88 129
88 131
88 133
88 136
88 137
88 140
88 142
88 143
88 145
88 146
88 147
89 90
89 91
89 93
89 94
89 95
89 96
89 98
89 102
89 103
89 104
89 105
89 108
89 110
89 113
89 114
89 117
89 118
89 119
89 120
89 121
89 122
89 123
89 127
89 129
89 134
89 135
89 136
89 137
89 138
89 139
89 141
89 144
89 145
89 148
89 149
90 91
90 92
90 93
90 95
90 98
90 100
90 101
90 103
90 104
90 110
90 111
90 115
90 117
90 118
90 120
90 123
90 125
90 126
90 128
90 130
90 131
90 133
90 134
90 136
90 138
90 139
90 143
90 144
90 147
90 149
91 92
91 94
91 97
91 99
91 100
91 102
91 104
91 105
91 107
91 109
91 110
91 111
91 112
91 113
91 115
91 118
91 123
91 126
91 127
91 128
91 130
91 133
91 135
91 137
91 138
91 143
91 148
91 149
92 93
92 95
92 97
92 98
92 99
92 100
92 105
92 106
92 108
92 109
92 112
92 113
92 114
92 115
92 119
92 122
92 132
92 133
92 134
92 136
92 138
92 141
92 143
92 144
92 145
92 147
92 148
93 95
93 104
93 105
93 107
93 109
93 110
93 113
93 114
93 115
93 116
93 118
93 123
93 125
93 127
93 128
93 132
93 133
93 134
93 137
93 139
93 140
93 141
93 142
94 96
94 97
94 102
94 105
94 107
94 108
94 110
94 112
94 115
94 117
94 118
94 120
94 122
94 123
94 124
94 126
94 127
94 128
94 129
94 130
94 131
94 134
94 136
94 138
94 140
94 144
94 146
94 147
95 96
95 97
95 99
95 100
95 104
95 105
95 107
95 108
95 112
95 113
95 115
95 119
95 122
95 123
95 124
95 125
95 127
95 128
95 131
95 132
95 133
95 135
95 139
95 141
95 142
95 144
95 146
96 98
96 101
96 110
96 111
96 112
96 117
96 120
96 121
96 123
96 124
96 125
96 126
96 135
96 137
96 139
96 141
96 142
96 146
96 148
97 101
97 102
97 103
97 106
97 107
97 110
97 112
97 114
97 116
97 117
97 118
97 121
97 122
97 123
97 124
97 125
97 126
97 127
97 128
97 135
97 136
97 137
97 138
97 139
97 141
97 142
97 143
97 147
97 149
98 101
98 106
98 107
98 110
98 112
98 113
98 114
98 115
98 116
98 119
98 122
98 125
98 130
98 131
98 134
98 135
98 136
98 139
98 140
98 142
98 143
98 144
98 147
98 148
99 107
99 110
99 111
99 112
99 116
99 119
99 120
99 121
99 124
99 127
99 128
99 129
99 130
99 132
99 137
99 143
99 148
99 149
100 103
100 105
100 110
100 115
100 119
100 123
100 127
100 128
100 129
100 130
100 131
100 136
100 138
100 139
100 140
100 141
100 142
100 143
100 144
100 147
100 148
100 149
101 103
101 104
101 105
101 107
101 113
101 114
101 115
101 116
101 120
101 121
101 124
101 125
101 126
101 127
101 128
101 129
101 132
101 133
101 136
101 137
101 142
101 147
102 104
102 105
102 106
102 111
102 114
102 116
102 123
102 126
102 129
102 132
102 134
102 136
102 139
102 141
102 146
102 148
102 149
103 105
103 108
103 110
103 111
103 113
103 114
103 117
103 119
103 122
103 123
103 127
103 128
103 130
103 132
103 134
103 135
103 138
103 140
103 141
103 142
103 145
103 148
103 149
104 105
104 106
104 112
104 113
104 115
104 116
104 117
104 119
104 120
104 122
104 126
104 132
104 133
104 134
104 137
104 138
104 142
104 144
104 145
104 146
105 106
105 107
105 111
105 112
105 113
105 117
105 118
105 121
105 122
105 123
105 126
105 127
105 128
105 130
105 132
105 134
105 136
105 137
105 139
105 140
105 142
105 143
105 144
105 148
105 149
106 108
106 109
106 110
106 115
106 116
106 117
106 118
106 120
106 121
106 122
106 126
106 127
106 128
106 131
106 132
106 133
106 134
106 137
106 139
106 143
106 146
107 110
107 114
107 116
107 120
107 121
107 122
107 125
107 127
107 131
107 132
107 133
107 135
107 137
107 138
107 139
107 142
107 143
107 144
107 146
107 147
108 110
108 111
108 112
108 113
108 115
108 116
108 117
108 120
108 121
108 122
108 124
108 128
108 130
108 133
108 135
108 136
108 137
108 138
108 140
108 141
108 142
108 144
108 145
108 146
108 147
108 148
108 149
109 110
109 111
109 112
109 115
109 118
109 119
109 120
109 121
109 122
109 126
109 127
109 128
109 129
109 133
109 135
109 137
109 138
109 140
109 144
109 145
109 149
110 111
110 112
110 113
110 114
110 115
110 117
110 118
110 119
110 120
110 123
110 124
110 125
110 126
110 128
110 131
110 132
110 133
110 135
110 136
110 138
110 140
110 143
110 144
110 145
110 147
110 148
110 149
111 114
111 116
111 118
111 124
111 127
111 128
111 130
111 131
111 132
111 134
111 137
111 138
111 139
111 140
111 145
111 146
111 147
112 116
112 118
112 120
112 121
112 122
112 128
112 130
112 133
112 137
112 138
112 139
112 141
112 142
112 144
112 149
113 114
113 115
113 118
113 119
113 121
113 124
113 129
113 132
113 134
113 135
113 136
113 137
113 141
113 142
113 143
113 145
113 148
113 149
114 115
114 117
114 119
114 121
114 123
114 125
114 130
114 132
114 133
114 135
114 136
114 138
114 139
114 141
114 142
114 144
114 145
114 147
114 148
114 149
115 116
115 117
115 119
115 120
115 123
115 124
115 125
115 129
115 131
115 132
115 134
115 137
115 139
115 143
115 145
115 147
115 148
115 149
116 118
116 121
116 122
116 124
116 128
116 129
116 130
116 133
116 134
116 135
116 136
116 138
116 139
116 140
116 143
116 147
116 149
117 119
117 120
117 122
117 123
117 124
117 125
117 127
117 128
117 129
117 134
117 136
117 137
117 139
117 146
117 147
117 148
118 120
118 124
118 132
118 133
118 135
118 136
118 137
118 138
118 140
118 141
118 144
118 146
118 149
119 123
119 126
119 127
119 131
119 132
119 133
119 134
119 136
119 137
119 138
119 140
119 141
119 143
119 145
119 146
119 147
119 149
120 123
120 127
120 128
120 129
120 131
120 133
120 135
120 140
120 142
120 143
120 144
120 145
120 146
121 122
121 123
121 127
121 129
121 132
121 135
121 136
121 140
121 142
121 143
121 144
122 125
122 126
122 127
122 129
122 131
122 133
122 135
122 137
122 138
122 140
122 143
122 144
122 146
123 125
123 126
123 127
123 130
123 131
123 134
123 137
123 138
123 139
123 141
123 142
123 143
123 144
123 146
123 148
123 149
124 132
124 133
124 137
124 139
124 140
124 142
124 146
124 147
124 148
125 127
125 130
125 131
125 133
125 135
125 136
125 138
125 141
125 142
125 143
125 144
125 147
125 149
126 131
126 132
126 136
126 138
126 139
126 141
126 143
126 144
126 145
126 146
126 149
127 128
127 129
127 131
127 133
127 135
127 137
127 139
127 140
127 144
127 145
127 146
127 147
127 148
128 132
128 133
128 134
128 135
128 140
128 141
128 142
128 148
129 134
129 135
129 138
129 139
129 140
129 141
129 142
129 143
129 144
129 145
129 147
129 149
130 133
130 136
130 138
130 139
130 141
130 142
130 145
130 146
130 147
130 148
131 132
131 133
131 134
131 135
131 136
131 137
131 140
131 143
131 146
131 147
131 148
132 133
132 135
132 136
132 137
132 138
132 139
132 140
132 144
132 145
132 147
132 148
133 134
133 135
133 136
133 138
133 139
133 140
133 143
133 148
134 135
134 137
134 142
134 144
134 146
134 148
135 139
135 140
135 142
135 143
135 144
135 145
135 147
135 148
135 149
136 137
136 141
136 143
136 145
136 148
136 149
137 139
137 141
137 142
137 143
137 145
138 139
138 140
138 143
138 144
139 140
139 141
139 142
139 143
139 144
139 145
139 148
139 149
140 142
140 143
140 144
140 145
140 146
140 147
140 148
141 142
141 146
141 148
141 149
142 146
143 145
143 146
143 148
144 146
144 147
144 149
145 146
145 148
146 149
147 148
147 149