100
1460
0 0.26
1 0.65
2 0.89
3 0.37
4 0.79
5 0.03
6 0.65
7 0.43
8 0.46
9 0.47
10 0.10
11 0.97
12 0.85
13 0.46
14 0.99
15 0.71
16 0.51
17 0.88
18 0.91
19 0.92
20 0.01
21 0.04
22 0.90
23 0.58
24 0.39
25 0.49
26 0.23
27 0.48
28 0.25
29 0.73
30 0.54
31 0.38
32 0.29
33 0.66
34 0.80
35 0.79
36 0.33
37 0.03
38 0.11
39 0.59
40 0.56
41 0.14
42 0.43
43 0.96
44 0.60
45 0.25
46 0.25
47 0.75
48 0.89
49 0.02
50 0.87
51 0.87
52 0.63
53 0.38
54 0.69
55 0.93
56 0.94
57 0.84
58 0.34
59 0.49
60 0.37
61 0.92
62 0.81
63 0.87
64 0.74
65 0.22
66 0.55
67 0.26
68 0.41
69 0.04
70 0.63
71 0.32
72 0.73
73 1.00
74 0.62
75 0.54
76 0.04
77 0.76
78 0.33
79 0.11
80 0.12
81 0.34
82 0.81
83 0.26
84 0.97
85 0.29
86 0.22
87 0.38
88 0.47
89 0.74
90 0.21
91 0.21
92 0.28
93 0.51
94 0.33
95 0.76
96 0.49
97 0.61
98 0.18
99 0.36
0 3
0 7
0 12
0 15
0 16
0 21
0 25
0 27
0 28
0 30
0 33
0 36
0 43
0 46
0 50
0 55
0 58
0 61
0 64
0 70
0 76
0 78
0 79
0 81
0 82
0 84
0 90
0 96
0 97
0 99
1 4
1 5
1 8
1 10
1 11
1 15
1 16
1 18
1 22
1 24
1 29
1 32
1 35
1 45
1 49
1 51
1 53
1 54
1 65
1 67
1 74
1 75
1 78
1 81
1 82
1 85
2 5
2 6
2 8
2 15
2 18
2 19
2 29
2 30
2 33
2 42
2 44
2 50
2 65
2 67
2 69
2 70
2 72
2 73
2 77
2 80
2 82
2 83
2 84
2 89
2 91
2 92
2 93
2 94
2 97
3 7
3 9
3 11
3 13
3 15
3 18
3 21
3 22
3 26
3 35
3 36
3 37
3 39
3 43
3 44
3 46
3 49
3 51
3 58
3 62
3 65
3 66
3 67
3 69
3 70
3 73
3 77
3 95
3 97
4 5
4 14
4 17
4 19
4 23
4 24
4 25
4 28
4 30
4 34
4 38
4 39
4 40
4 41
4 50
4 60
4 61
4 62
4 67
4 68
4 73
4 74
4 76
4 85
4 88
4 92
4 93
5 7
5 10
5 11
5 14
5 22
5 25
5 29
5 33
5 42
5 45
5 46
5 49
5 50
5 55
5 57
5 61
5 62
5 65
5 73
5 79
5 81
5 83
5 84
5 85
5 86
5 89
5 95
5 99
6 9
6 10
6 12
6 15
6 16
6 19
6 21
6 23
6 27
6 28
6 37
6 39
6 42
6 44
6 48
6 53
6 64
6 65
6 66
6 67
6 68
6 77
6 84
6 87
6 88
6 91
6 94
6 95
6 96
6 97
6 99
7 8
7 11
7 14
7 19
7 23
7 27
7 29
7 31
7 33
7 36
7 37
7 38
7 39
7 44
7 45
7 53
7 60
7 61
7 64
7 77
7 79
7 81
7 83
7 85
7 86
7 95
7 96
7 98
8 13
8 15
8 21
8 22
8 25
8 30
8 34
8 35
8 40
8 58
8 59
8 63
8 69
8 71
8 72
8 79
8 80
8 81
8 82
8 85
8 86
8 87
8 93
8 96
8 97
9 12
9 13
9 16
9 17
9 18
9 19
9 23
9 29
9 32
9 35
9 39
9 40
9 43
9 44
9 47
9 53
9 62
9 63
9 67
9 69
9 78
9 81
9 82
9 84
9 94
9 95
9 97
9 98
10 16
10 18
10 20
10 24
10 26
10 27
10 29
10 36
10 37
10 38
10 41
10 51
10 57
10 58
10 59
10 60
10 61
10 64
10 66
10 67
10 78
10 81
10 82
10 85
10 90
10 94
10 98
11 12
11 15
11 19
11 24
11 28
11 29
11 34
11 45
11 47
11 53
11 54
11 56
11 60
11 68
11 71
11 73
11 77
11 81
11 83
11 88
11 89
11 90
12 13
12 19
12 21
12 24
12 31
12 33
12 37
12 41
12 43
12 45
12 48
12 49
12 58
12 62
12 63
12 65
12 68
12 72
12 75
12 81
12 88
12 90
12 91
12 92
12 97
13 14
13 18
13 23
13 35
13 37
13 38
13 43
13 44
13 45
13 47
13 50
13 58
13 62
13 64
13 67
13 70
13 71
13 76
13 77
13 81
13 82
13 85
13 87
13 89
13 93
13 99
14 19
14 22
14 24
14 27
14 29
14 30
14 33
14 36
14 37
14 39
14 45
14 52
14 56
14 60
14 61
14 66
14 67
14 68
14 69
14 70
14 72
14 79
14 90
14 94
14 96
15 17
15 18
15 20
15 21
15 24
15 25
15 27
15 28
15 31
15 35
15 38
15 43
15 46
15 47
15 48
15 52
15 53
15 55
15 57
15 58
15 59
15 61
15 63
15 65
15 67
15 70
15 71
15 72
15 79
15 84
15 88
15 91
15 95
15 96
15 97
15 98
16 30
16 34
16 39
16 41
16 42
16 46
16 48
16 50
16 53
16 56
16 57
16 58
16 64
16 72
16 74
16 79
16 83
16 87
16 89
16 91
16 93
17 19
17 22
17 25
17 34
17 35
17 36
17 44
17 45
17 47
17 52
17 54
17 61
17 62
17 63
17 64
17 69
17 75
17 76
17 77
17 78
17 79
17 81
17 82
17 84
17 87
17 88
17 89
17 93
17 94
18 19
18 25
18 30
18 32
18 35
18 38
18 39
18 41
18 45
18 48
18 51
18 53
18 54
18 60
18 64
18 67
18 69
18 71
18 72
18 74
18 76
18 77
18 80
18 82
18 84
18 86
18 89
18 93
18 99
19 21
19 38
19 49
19 50
19 58
19 59
19 62
19 69
19 70
19 71
19 84
19 88
19 89
19 91
19 92
19 99
20 30
20 32
20 37
20 41
20 42
20 45
20 51
20 54
20 56
20 57
20 59
20 60
20 61
20 62
20 63
20 66
20 71
20 82
20 85
20 86
20 87
20 88
20 90
20 91
20 95
20 97
21 23
21 26
21 30
21 34
21 36
21 37
21 39
21 50
21 53
21 55
21 60
21 61
21 62
21 67
21 69
21 72
21 74
21 80
21 81
21 86
21 98
22 25
22 26
22 27
22 31
22 34
22 36
22 37
22 40
22 41
22 43
22 45
22 49
22 50
22 54
22 55
22 58
22 59
22 61
22 64
22 67
22 72
22 78
22 87
22 90
22 94
22 99
23 28
23 38
23 43
23 45
23 50
23 56
23 57
23 61
23 63
23 64
23 65
23 66
23 67
23 70
23 71
23 75
23 83
23 87
23 88
23 90
23 91
24 26
24 27
24 29
24 31
24 34
24 36
24 40
24 41
24 52
24 66
24 70
24 72
24 73
24 80
24 84
24 86
24 93
24 95
24 98
25 27
25 29
25 30
25 37
25 40
25 42
25 46
25 48
25 51
25 56
25 59
25 62
25 63
25 64
25 65
25 66
25 70
25 72
25 81
26 30
26 32
26 33
26 36
26 41
26 50
26 51
26 53
26 55
26 59
26 60
26 63
26 79
26 81
26 82
26 83
26 89
26 90
26 92
26 93
26 96
26 98
27 32
27 33
27 34
27 35
27 37
27 40
27 44
27 46
27 47
27 50
27 52
27 53
27 55
27 56
27 60
27 62
27 63
27 66
27 70
27 73
27 77
27 79
27 83
27 84
27 85
27 93
27 94
27 98
28 29
28 31
28 35
28 43
28 46
28 47
28 48
28 52
28 58
28 62
28 66
28 67
28 74
28 81
28 83
28 88
28 98
29 31
29 33
29 34
29 39
29 46
29 48
29 51
29 59
29 62
29 67
29 74
29 76
29 78
29 80
29 81
29 82
29 93
30 34
30 35
30 37
30 39
30 45
30 48
30 51
30 53
30 57
30 60
30 67
30 74
30 78
30 80
30 83
30 93
30 98
31 36
31 41
31 50
31 54
31 55
31 56
31 63
31 64
31 65
31 70
31 72
31 74
31 78
31 79
31 81
31 84
31 86
31 90
31 92
31 99
32 34
32 38
32 39
32 42
32 45
32 49
32 50
32 52
32 57
32 65
32 66
32 68
32 72
32 73
32 74
32 75
32 79
32 81
32 85
32 87
32 88
32 95
32 97
32 99
33 40
33 48
33 50
33 53
33 56
33 58
33 60
33 62
33 63
33 65
33 66
33 67
33 69
33 73
33 77
33 81
33 85
33 91
33 92
33 95
33 96
34 44
34 49
34 54
34 61
34 65
34 68
34 70
34 78
34 80
34 83
34 93
35 41
35 42
35 44
35 45
35 51
35 58
35 60
35 62
35 72
35 74
35 75
35 77
35 78
35 81
35 86
35 87
35 98
36 38
36 39
36 40
36 41
36 46
36 47
36 51
36 54
36 55
36 56
36 58
36 60
36 62
36 67
36 68
36 73
36 74
36 76
36 78
36 83
36 89
36 95
36 97
37 39
37 43
37 45
37 49
37 58
37 62
37 64
37 67
37 68
37 70
37 75
37 77
37 82
37 88
37 99
38 40
38 42
38 54
38 60
38 63
38 65
38 66
38 71
38 76
38 77
38 82
38 83
38 87
38 90
38 91
38 92
38 96
38 98
39 42
39 43
39 46
39 47
39 48
39 49
39 51
39 54
39 62
39 63
39 64
39 67
39 77
39 81
39 87
39 88
40 41
40 43
40 45
40 48
40 50
40 52
40 54
40 71
40 75
40 76
40 78
40 92
40 95
41 42
41 45
41 48
41 50
41 54
41 60
41 63
41 64
41 72
41 83
41 85
41 87
41 93
41 95
41 99
42 48
42 50
42 52
42 53
42 54
42 60
42 65
42 66
42 67
42 69
42 71
42 74
42 75
42 79
42 81
42 83
42 84
42 85
42 89
42 92
42 96
43 45
43 48
43 49
43 58
43 61
43 65
43 67
43 68
43 69
43 70
43 76
43 77
43 80
43 82
43 85
43 89
44 52
44 56
44 58
44 61
44 63
44 67
44 68
44 69
44 70
44 74
44 76
44 83
44 84
44 86
44 88
44 89
44 94
44 98
45 47
45 51
45 54
45 56
45 59
45 60
45 62
45 63
45 65
45 67
45 70
45 74
45 76
45 77
45 87
45 90
45 91
45 93
45 94
45 96
46 48
46 54
46 58
46 68
46 70
46 78
46 79
46 81
46 84
46 88
46 89
46 93
46 97
46 98
47 50
47 52
47 60
47 63
47 64
47 74
47 76
47 82
47 84
47 90
47 94
47 96
48 52
48 59
48 60
48 67
48 68
48 69
48 73
48 85
48 86
48 94
48 98
49 51
49 53
49 58
49 60
49 62
49 63
49 75
49 82
49 83
49 85
49 86
49 87
49 88
49 90
49 92
49 93
49 94
49 96
49 98
50 53
50 56
50 65
50 67
50 76
50 78
50 85
50 86
50 90
50 94
50 97
50 98
51 52
51 54
51 57
51 59
51 63
51 69
51 72
51 76
51 79
51 80
51 84
51 85
51 89
51 90
51 99
52 56
52 58
52 65
52 68
52 70
52 71
52 72
52 74
52 80
52 81
52 83
52 87
52 89
52 97
52 99
53 57
53 63
53 67
53 68
53 69
53 71
53 72
53 76
53 81
53 85
53 90
53 97
54 55
54 69
54 70
54 72
54 73
54 75
54 78
54 82
54 86
54 88
54 91
54 93
54 95
54 97
55 56
55 59
55 60
55 61
55 64
55 68
55 73
55 78
55 79
55 81
55 83
55 84
55 89
55 92
55 95
55 97
55 98
55 99
56 60
56 63
56 65
56 66
56 68
56 72
56 86
56 90
56 97
56 98
57 58
57 59
57 60
57 62
57 65
57 68
57 71
57 74
57 76
57 79
57 80
57 81
57 88
57 89
57 92
57 98
58 64
58 67
58 75
58 78
58 82
58 98
59 64
59 69
59 71
59 75
59 81
59 85
59 87
59 92
59 96
59 99
60 63
60 67
60 70
60 72
60 73
60 74
60 75
60 76
60 78
60 83
60 88
60 89
60 93
60 97
60 98
60 99
61 63
61 64
61 66
61 74
61 81
61 82
61 83
61 84
61 86
61 88
61 96
62 68
62 69
62 75
62 76
62 80
62 81
62 86
62 87
62 90
62 92
62 93
63 65
63 70
63 73
63 79
63 83
63 87
63 89
63 90
63 91
63 93
63 94
63 96
63 97
63 99
64 66
64 67
64 71
64 72
64 75
64 78
64 81
64 82
64 84
64 85
64 90
64 94
64 96
64 98
65 66
65 67
65 72
65 75
65 76
65 77
65 81
65 82
65 90
65 94
65 95
65 96
65 99
66 69
66 70
66 74
66 81
66 82
66 87
66 89
66 95
66 98
67 74
67 76
67 81
68 72
68 73
68 74
68 76
68 77
68 83
68 91
68 93
68 97
69 74
69 78
69 79
69 83
69 85
69 88
69 99
70 71
70 73
70 78
70 82
70 84
70 86
70 89
70 90
70 91
71 72
71 73
71 74
71 80
71 81
71 82
71 85
71 87
71 88
71 95
72 73
72 79
72 80
72 85
72 92
72 94
72 96
73 74
73 75
73 79
73 81
73 86
73 89
73 91
73 95
74 78
74 80
74 88
74 94
74 96
75 79
75 84
75 85
75 86
75 87
75 89
75 90
75 94
75 97
75 99
76 78
76 80
76 82
76 85
76 86
76 96
76 98
77 82
77 87
77 89
77 91
77 92
77 93
77 95
78 80
78 82
78 86
78 90
78 91
78 95
79 81
79 90
79 93
79 97
80 82
80 83
80 88
80 93
80 94
81 82
81 83
81 87
81 89
81 92
81 94
81 99
82 84
82 86
82 89
82 91
83 84
83 87
83 89
83 93
83 94
83 99
84 86
84 87
84 94
84 96
85 91
85 92
85 93
85 98
86 88
86 89
86 90
86 96
86 99
87 97
88 90
88 92
88 93
88 95
88 96
88 97
88 98
89 91
89 94
89 95
90 92
90 94
91 92
91 97
91 98
91 99
92 95
93 95
93 98
94 96
95 96
96 97