150
3363
0 0.75
1 0.62
2 0.82
3 0.50
4 0.07
5 0.53
6 0.82
7 0.82
8 0.43
9 0.16
10 0.53
11 0.20
12 0.46
13 0.91
14 0.95
15 0.75
16 0.94
17 0.27
18 0.23
19 0.78
20 0.75
21 0.04
22 0.14
23 0.06
24 0.82
25 0.56
26 0.93
27 0.79
28 0.70
29 0.53
30 0.43
31 0.22
32 0.39
33 0.70
34 0.49
35 0.49
36 0.93
37 0.52
38 0.89
39 0.61
40 0.61
41 0.40
42 0.31
43 0.30
44 0.36
45 0.53
46 0.37
47 0.94
48 0.74
49 0.29
50 0.49
51 0.72
52 0.61
53 0.81
54 0.88
55 0.63
56 0.60
57 0.24
58 0.27
59 0.15
60 0.11
61 0.85
62 0.97
63 0.96
64 0.96
65 0.29
66 0.99
67 0.33
68 0.67
69 0.86
70 0.20
71 0.83
72 0.31
73 0.48
74 0.52
75 0.30
76 0.56
77 0.11
78 0.52
79 0.33
80 0.19
81 0.01
82 0.83
83 0.66
84 0.34
85 0.05
86 0.49
87 0.66
88 0.99
89 0.15
90 0.27
91 0.72
92 0.15
93 0.14
94 0.56
95 0.88
96 0.29
97 0.58
98 0.44
99 0.46
100 0.45
101 0.11
102 0.13
103 0.55
104 0.48
105 0.04
106 0.57
107 0.95
108 0.71
109 0.46
110 0.44
111 0.20
112 0.04
113 0.97
114 0.94
115 0.15
116 0.72
117 0.24
118 0.12
119 0.80
120 0.35
121 0.87
122 0.54
123 0.36
124 0.51
125 0.95
126 0.22
127 0.33
128 0.61
129 0.37
130 0.35
131 0.26
132 0.43
133 0.94
134 0.91
135 0.07
136 0.11
137 0.43
138 0.95
139 0.70
140 0.56
141 0.69
142 0.27
143 0.74
144 0.07
145 0.01
146 0.30
147 0.30
148 0.34
149 0.20
0 2
0 5
0 6
0 10
0 14
0 18
0 19
0 29
0 30
0 31
0 34
0 38
0 39
0 40
0 44
0 45
0 46
0 50
0 60
0 63
0 67
0 68
0 69
0 72
0 74
0 76
0 78
0 79
0 82
0 87
0 90
0 92
0 94
0 95
0 100
0 101
0 102
0 103
0 108
0 113
0 117
0 118
0 121
0 126
0 127
0 130
0 134
0 136
0 137
0 138
0 141
0 145
1 2
1 8
1 9
1 13
1 21
1 24
1 25
1 27
1 29
1 33
1 35
1 36
1 39
1 42
1 44
1 47
1 55
1 56
1 57
1 58
1 60
1 65
1 69
1 71
1 72
1 73
1 74
1 75
1 78
1 79
1 80
1 82
1 84
1 87
1 101
1 102
1 104
1 107
1 108
1 109
1 113
1 115
1 119
1 120
1 123
1 124
1 128
1 129
1 132
1 138
1 139
1 140
1 143
1 144
1 145
2 4
2 7
2 12
2 13
2 16
2 23
2 24
2 25
2 28
2 34
2 37
2 38
2 40
2 41
2 44
2 45
2 47
2 51
2 52
2 60
2 64
2 71
2 73
2 74
2 78
2 80
2 85
2 90
2 96
2 99
2 102
2 105
2 106
2 108
2 114
2 115
2 116
2 119
2 122
2 126
2 128
2 140
2 146
2 148
3 8
3 10
3 11
3 13
3 14
3 15
3 17
3 20
3 21
3 22
3 24
3 26
3 27
3 29
3 33
3 36
3 39
3 41
3 42
3 43
3 46
3 47
3 51
3 54
3 55
3 59
3 60
3 61
3 62
3 63
3 64
3 67
3 69
3 77
3 78
3 79
3 82
3 84
3 86
3 89
3 101
3 102
3 107
3 110
3 113
3 115
3 116
3 118
3 123
3 125
3 127
3 135
3 142
3 145
3 147
4 17
4 19
4 21
4 22
4 24
4 26
4 28
4 29
4 30
4 36
4 38
4 39
4 44
4 45
4 48
4 52
4 55
4 58
4 62
4 69
4 73
4 74
4 76
4 78
4 80
4 82
4 87
4 93
4 94
4 96
4 97
4 98
4 99
4 101
4 113
4 114
4 115
4 117
4 118
4 120
4 122
4 127
4 134
4 137
4 141
4 143
4 144
4 149
5 6
5 8
5 10
5 12
5 14
5 19
5 21
5 23
5 28
5 29
5 34
5 37
5 44
5 46
5 47
5 49
5 55
5 59
5 65
5 66
5 72
5 73
5 74
5 81
5 82
5 83
5 86
5 87
5 90
5 99
5 100
5 102
5 112
5 113
5 115
5 116
5 119
5 120
5 128
5 136
5 140
5 141
5 144
5 147
5 149
6 7
6 10
6 19
6 21
6 22
6 26
6 28
6 29
6 32
6 37
6 40
6 42
6 46
6 51
6 57
6 59
6 62
6 63
6 64
6 67
6 68
6 72
6 74
6 77
6 84
6 87
6 90
6 94
6 95
6 96
6 97
6 103
6 105
6 108
6 112
6 115
6 118
6 119
6 123
6 126
6 130
6 142
6 147
6 149
7 9
7 15
7 16
7 19
7 21
7 24
7 35
7 37
7 44
7 47
7 52
7 54
7 55
7 57
7 58
7 60
7 61
7 67
7 72
7 74
7 77
7 84
7 86
7 90
7 97
7 102
7 105
7 112
7 113
7 114
7 119
7 121
7 127
7 135
7 137
7 147
8 10
8 18
8 19
8 21
8 22
8 27
8 29
8 31
8 32
8 33
8 34
8 40
8 43
8 49
8 50
8 58
8 59
8 65
8 70
8 73
8 78
8 82
8 86
8 90
8 91
8 98
8 107
8 118
8 119
8 125
8 126
8 128
8 130
8 133
8 134
8 136
8 138
8 142
8 143
8 149
9 13
9 16
9 17
9 19
9 21
9 24
9 26
9 28
9 31
9 33
9 35
9 36
9 37
9 39
9 40
9 48
9 51
9 59
9 61
9 62
9 64
9 65
9 67
9 71
9 73
9 82
9 90
9 92
9 93
9 98
9 100
9 104
9 107
9 110
9 113
9 114
9 119
9 123
9 129
9 130
9 133
9 135
9 136
9 138
9 144
9 145
9 146
9 149
10 14
10 16
10 21
10 27
10 28
10 29
10 35
10 36
10 37
10 38
10 39
10 40
10 47
10 48
10 49
10 51
10 53
10 54
10 57
10 59
10 62
10 68
10 71
10 75
10 77
10 78
10 79
10 80
10 89
10 91
10 92
10 94
10 97
10 102
10 103
10 113
10 115
10 118
10 119
10 120
10 124
10 127
10 129
10 131
10 132
10 135
10 136
10 139
10 143
10 146
11 13
11 16
11 23
11 24
11 26
11 32
11 35
11 39
11 44
11 46
11 49
11 51
11 60
11 62
11 71
11 73
11 79
11 85
11 86
11 90
11 92
11 94
11 98
11 99
11 102
11 108
11 109
11 115
11 120
11 126
11 128
11 131
11 133
11 135
11 137
11 140
11 148
12 17
12 20
12 21
12 28
12 30
12 31
12 32
12 33
12 35
12 37
12 42
12 44
12 45
12 49
12 50
12 51
12 52
12 53
12 55
12 57
12 60
12 61
12 63
12 64
12 67
12 69
12 70
12 75
12 78
12 86
12 87
12 92
12 99
12 100
12 103
12 105
12 113
12 117
12 118
12 127
12 131
12 132
12 134
12 138
12 141
12 143
13 17
13 24
13 26
13 27
13 28
13 30
13 31
13 32
13 33
13 41
13 44
13 49
13 51
13 53
13 54
13 55
13 58
13 59
13 60
13 64
13 69
13 76
13 81
13 87
13 88
13 89
13 96
13 97
13 105
13 108
13 112
13 118
13 119
13 122
13 124
13 126
13 127
13 129
13 131
13 132
13 134
13 138
13 139
13 142
13 143
13 144
13 146
14 23
14 28
14 29
14 32
14 40
14 42
14 43
14 47
14 50
14 52
14 55
14 57
14 60
14 66
14 69
14 70
14 82
14 84
14 87
14 89
14 94
14 95
14 96
14 116
14 120
14 121
14 122
14 124
14 139
14 145
14 146
14 149
15 18
15 19
15 21
15 24
15 26
15 32
15 33
15 34
15 37
15 38
15 41
15 47
15 55
15 56
15 58
15 60
15 63
15 69
15 70
15 74
15 77
15 82
15 85
15 86
15 89
15 95
15 101
15 103
15 107
15 108
15 110
15 116
15 117
15 119
15 122
15 129
15 130
15 132
15 141
15 143
15 148
15 149
16 19
16 27
16 28
16 29
16 35
16 50
16 54
16 55
16 66
16 67
16 69
16 75
16 77
16 79
16 82
16 84
16 86
16 89
16 94
16 96
16 97
16 99
16 101
16 110
16 114
16 118
16 129
16 131
16 134
16 137
16 143
16 147
17 22
17 24
17 28
17 30
17 32
17 35
17 36
17 37
17 38
17 49
17 53
17 55
17 58
17 59
17 62
17 63
17 64
17 65
17 71
17 72
17 73
17 74
17 75
17 78
17 79
17 80
17 82
17 89
17 90
17 91
17 96
17 100
17 101
17 103
17 104
17 105
17 108
17 110
17 113
17 114
17 115
17 117
17 118
17 119
17 120
17 127
17 129
17 130
17 133
17 137
17 138
17 139
17 142
17 148
17 149
18 21
18 31
18 32
18 33
18 35
18 36
18 38
18 40
18 47
18 50
18 55
18 59
18 60
18 61
18 67
18 68
18 69
18 71
18 73
18 77
18 79
18 80
18 82
18 83
18 86
18 89
18 92
18 94
18 96
18 104
18 105
18 106
18 112
18 115
18 116
18 120
18 125
18 128
18 131
18 140
18 146
19 22
19 31
19 36
19 40
19 43
19 45
19 46
19 47
19 50
19 52
19 53
19 59
19 62
19 63
19 65
19 66
19 67
19 68
19 71
19 73
19 75
19 77
19 79
19 83
19 85
19 86
19 93
19 94
19 98
19 100
19 104
19 106
19 108
19 112
19 115
19 117
19 122
19 139
19 140
19 141
19 148
19 149
20 22
20 23
20 27
20 34
20 42
20 44
20 46
20 50
20 51
20 53
20 55
20 59
20 60
20 65
20 66
20 69
20 71
20 72
20 86
20 87
20 91
20 93
20 94
20 99
20 102
20 106
20 111
20 113
20 122
20 132
20 138
20 141
20 147
20 148
21 28
21 30
21 33
21 36
21 39
21 42
21 43
21 48
21 49
21 53
21 54
21 56
21 65
21 66
21 70
21 77
21 78
21 80
21 86
21 87
21 99
21 100
21 105
21 106
21 110
21 112
21 113
21 115
21 116
21 118
21 121
21 126
21 134
21 142
21 145
22 32
22 36
22 38
22 40
22 43
22 44
22 46
22 49
22 55
22 62
22 65
22 68
22 69
22 71
22 72
22 73
22 74
22 77
22 78
22 83
22 84
22 86
22 91
22 92
22 94
22 101
22 106
22 107
22 108
22 109
22 113
22 120
22 122
22 129
22 133
22 134
22 139
22 140
22 144
23 24
23 28
23 30
23 33
23 34
23 35
23 39
23 43
23 44
23 49
23 59
23 60
23 61
23 62
23 63
23 64
23 67
23 69
23 75
23 76
23 78
23 79
23 80
23 89
23 95
23 103
23 106
23 109
23 111
23 113
23 115
23 117
23 125
23 130
23 132
23 137
23 142
23 147
24 25
24 30
24 32
24 34
24 39
24 41
24 42
24 48
24 51
24 52
24 54
24 55
24 59
24 60
24 69
24 70
24 71
24 73
24 80
24 82
24 84
24 88
24 94
24 95
24 104
24 106
24 108
24 109
24 112
24 115
24 124
24 125
24 127
24 130
24 132
24 134
24 141
24 142
24 145
24 146
24 149
25 30
25 31
25 33
25 35
25 36
25 39
25 40
25 44
25 48
25 50
25 51
25 56
25 59
25 65
25 66
25 69
25 72
25 74
25 77
25 79
25 80
25 81
25 82
25 84
25 88
25 92
25 94
25 98
25 100
25 102
25 104
25 107
25 110
25 114
25 117
25 122
25 124
25 126
25 127
25 135
25 136
25 147
26 28
26 30
26 39
26 40
26 43
26 47
26 59
26 60
26 61
26 67
26 68
26 69
26 71
26 79
26 81
26 82
26 83
26 85
26 99
26 102
26 103
26 104
26 105
26 109
26 110
26 119
26 120
26 126
26 127
26 129
26 135
26 138
26 140
27 28
27 30
27 32
27 35
27 39
27 40
27 45
27 47
27 48
27 52
27 53
27 58
27 64
27 79
27 82
27 83
27 85
27 88
27 90
27 91
27 95
27 99
27 102
27 105
27 108
27 112
27 116
27 117
27 121
27 125
27 126
27 128
27 133
27 134
27 138
27 140
27 143
27 147
27 149
28 29
28 40
28 41
28 42
28 47
28 48
28 52
28 55
28 68
28 70
28 73
28 74
28 78
28 81
28 82
28 85
28 87
28 98
28 107
28 109
28 110
28 112
28 113
28 117
28 119
28 124
28 125
28 126
28 128
28 130
28 134
28 137
28 138
28 141
28 146
28 147
28 148
29 30
29 31
29 35
29 38
29 42
29 43
29 44
29 52
29 55
29 59
29 65
29 70
29 71
29 73
29 76
29 81
29 82
29 89
29 90
29 97
29 100
29 101
29 103
29 104
29 106
29 110
29 111
29 113
29 115
29 118
29 119
29 120
29 125
29 129
29 132
29 133
29 136
29 137
29 140
29 143
30 33
30 37
30 41
30 42
30 45
30 52
30 53
30 55
30 58
30 60
30 62
30 65
30 70
30 76
30 78
30 90
30 92
30 96
30 99
30 102
30 115
30 118
30 122
30 125
30 129
30 131
30 140
30 144
30 145
31 34
31 35
31 38
31 41
31 42
31 44
31 46
31 47
31 48
31 49
31 50
31 53
31 54
31 56
31 66
31 67
31 68
31 69
31 70
31 76
31 78
31 81
31 83
31 84
31 85
31 87
31 96
31 98
31 100
31 102
31 107
31 108
31 109
31 114
31 116
31 117
31 118
31 120
31 125
31 129
31 130
31 132
31 133
31 136
31 139
31 140
31 141
31 143
31 147
32 36
32 37
32 41
32 42
32 43
32 45
32 46
32 50
32 51
32 53
32 55
32 56
32 57
32 63
32 65
32 71
32 72
32 76
32 79
32 82
32 84
32 91
32 92
32 93
32 94
32 100
32 104
32 109
32 114
32 115
32 119
32 120
32 121
32 123
32 137
33 35
33 39
33 41
33 43
33 49
33 50
33 52
33 58
33 73
33 77
33 81
33 84
33 90
33 95
33 98
33 101
33 103
33 109
33 111
33 113
33 114
33 121
33 128
33 130
33 136
33 137
33 146
34 35
34 40
34 44
34 47
34 49
34 50
34 56
34 59
34 67
34 70
34 76
34 78
34 81
34 91
34 92
34 95
34 96
34 101
34 107
34 112
34 114
34 115
34 116
34 131
34 139
34 140
34 144
34 145
34 146
35 37
35 38
35 41
35 46
35 49
35 58
35 64
35 65
35 66
35 71
35 72
35 79
35 85
35 88
35 91
35 94
35 95
35 97
35 102
35 103
35 104
35 107
35 108
35 109
35 111
35 116
35 124
35 126
35 130
35 133
35 135
35 136
35 142
36 38
36 39
36 44
36 45
36 49
36 54
36 57
36 61
36 63
36 66
36 67
36 71
36 80
36 84
36 88
36 90
36 94
36 105
36 106
36 108
36 112
36 119
36 121
36 124
36 126
36 134
36 135
36 141
36 148
37 41
37 43
37 49
37 58
37 60
37 61
37 71
37 73
37 77
37 79
37 82
37 86
37 87
37 93
37 101
37 108
37 127
37 128
37 129
37 130
37 142
37 143
37 149
38 39
38 43
38 54
38 56
38 57
38 63
38 64
38 69
38 71
38 72
38 78
38 81
38 86
38 89
38 96
38 97
38 108
38 117
38 118
38 119
38 123
38 124
38 137
38 139
38 144
38 145
38 146
38 148
39 42
39 47
39 50
39 51
39 54
39 70
39 72
39 75
39 77
39 79
39 84
39 87
39 88
39 96
39 100
39 103
39 106
39 112
39 117
39 118
39 119
39 120
39 122
39 123
39 130
39 136
39 140
39 141
39 142
39 143
39 146
39 147
39 148
40 44
40 45
40 47
40 50
40 51
40 57
40 59
40 63
40 68
40 69
40 72
40 79
40 80
40 84
40 86
40 89
40 91
40 95
40 96
40 98
40 101
40 105
40 110
40 111
40 112
40 118
40 120
40 121
40 124
40 130
40 132
40 134
40 136
40 137
40 138
40 141
40 142
40 149
41 46
41 48
41 50
41 52
41 53
41 56
41 59
41 64
41 65
41 68
41 79
41 81
41 87
41 96
41 98
41 99
41 102
41 108
41 109
41 110
41 113
41 119
41 124
41 125
41 127
41 133
41 134
41 136
41 141
41 145
41 146
41 148
42 44
42 47
42 51
42 56
42 66
42 68
42 69
42 71
42 76
42 80
42 81
42 88
42 90
42 93
42 95
42 98
42 100
42 103
42 111
42 117
42 120
42 126
42 134
42 138
42 141
42 142
42 145
43 45
43 47
43 51
43 52
43 53
43 55
43 56
43 59
43 61
43 62
43 64
43 66
43 67
43 74
43 75
43 78
43 83
43 86
43 92
43 103
43 104
43 106
43 112
43 115
43 118
43 119
43 121
43 123
43 126
43 130
43 131
43 135
43 138
43 140
43 142
43 145
43 147
44 53
44 58
44 61
44 62
44 63
44 65
44 67
44 69
44 72
44 73
44 74
44 75
44 78
44 79
44 80
44 83
44 87
44 88
44 89
44 90
44 95
44 99
44 101
44 102
44 103
44 106
44 111
44 112
44 119
44 125
44 130
44 132
44 135
44 137
44 139
44 148
45 49
45 52
45 54
45 55
45 61
45 64
45 67
45 70
45 71
45 76
45 78
45 81
45 82
45 93
45 95
45 110
45 112
45 113
45 117
45 125
45 129
45 130
45 132
45 137
45 140
45 141
46 48
46 51
46 57
46 59
46 61
46 65
46 66
46 75
46 78
46 80
46 83
46 85
46 86
46 87
46 109
46 114
46 115
46 116
46 117
46 118
46 122
46 133
46 140
46 141
46 143
46 147
47 48
47 49
47 53
47 57
47 58
47 59
47 60
47 62
47 67
47 70
47 72
47 80
47 82
47 83
47 85
47 87
47 89
47 95
47 103
47 108
47 116
47 123
47 127
47 129
47 131
47 132
47 141
47 142
47 148
47 149
48 49
48 54
48 57
48 58
48 62
48 65
48 73
48 74
48 77
48 85
48 89
48 91
48 93
48 98
48 110
48 112
48 114
48 117
48 119
48 120
48 122
48 126
48 129
48 132
48 134
48 138
48 139
48 146
48 148
49 60
49 61
49 62
49 64
49 66
49 67
49 75
49 85
49 87
49 90
49 92
49 93
49 94
49 96
49 99
49 104
49 106
49 109
49 117
49 118
49 120
49 121
49 122
49 123
49 126
49 130
49 133
49 139
49 140
49 143
49 148
50 54
50 55
50 63
50 65
50 67
50 68
50 69
50 70
50 75
50 81
50 84
50 85
50 88
50 91
50 94
50 96
50 99
50 101
50 102
50 103
50 107
50 110
50 111
50 114
50 117
50 120
50 122
50 128
50 130
50 131
50 134
50 135
50 136
50 137
50 141
50 142
50 147
51 52
51 58
51 59
51 60
51 71
51 72
51 74
51 75
51 79
51 84
51 86
51 87
51 88
51 91
51 96
51 104
51 106
51 107
51 109
51 111
51 113
51 121
51 124
51 125
51 126
51 131
51 141
51 146
52 55
52 56
52 59
52 63
52 66
52 70
52 71
52 74
52 78
52 88
52 92
52 100
52 102
52 104
52 105
52 117
52 121
52 135
52 144
52 149
53 55
53 56
53 57
53 61
53 64
53 65
53 68
53 76
53 78
53 80
53 82
53 83
53 86
53 91
53 92
53 104
53 106
53 109
53 111
53 117
53 118
53 122
53 123
53 126
53 130
53 136
54 55
54 56
54 66
54 74
54 75
54 76
54 77
54 81
54 83
54 84
54 86
54 87
54 90
54 93
54 100
54 101
54 103
54 106
54 107
54 112
54 114
54 117
54 118
54 127
54 128
54 133
54 136
54 140
54 143
55 57
55 58
55 59
55 60
55 63
55 64
55 68
55 70
55 72
55 74
55 85
55 93
55 96
55 98
55 99
55 108
55 119
55 122
55 123
55 130
55 131
55 134
55 141
55 143
55 146
55 149
56 58
56 59
56 60
56 61
56 65
56 69
56 75
56 77
56 78
56 84
56 85
56 92
56 97
56 98
56 99
56 104
56 107
56 110
56 122
56 129
56 130
56 133
56 134
56 138
56 139
56 141
56 149
57 64
57 66
57 69
57 72
57 86
57 88
57 89
57 90
57 92
57 94
57 95
57 99
57 101
57 107
57 110
57 117
57 118
57 120
57 121
57 124
57 127
57 128
57 129
57 130
57 131
57 137
57 141
57 142
58 62
58 70
58 72
58 77
58 81
58 83
58 88
58 92
58 93
58 94
58 96
58 98
58 99
58 102
58 103
58 104
58 108
58 112
58 118
58 122
58 123
58 126
58 131
58 134
58 137
58 140
58 143
58 145
59 62
59 64
59 67
59 68
59 71
59 73
59 93
59 94
59 101
59 102
59 104
59 106
59 107
59 111
59 112
59 115
59 117
59 119
59 121
59 122
59 123
59 125
59 131
59 135
59 137
59 144
59 145
59 147
59 149
60 63
60 67
60 68
60 70
60 76
60 77
60 82
60 89
60 93
60 94
60 110
60 111
60 120
60 121
60 123
60 126
60 130
60 141
60 144
60 145
60 149
61 65
61 67
61 68
61 71
61 72
61 80
61 82
61 85
61 86
61 87
61 92
61 93
61 95
61 97
61 98
61 102
61 105
61 106
61 111
61 113
61 119
61 122
61 132
61 139
61 140
61 144
61 146
61 148
61 149
62 63
62 65
62 66
62 70
62 72
62 78
62 84
62 91
62 94
62 101
62 102
62 109
62 112
62 119
62 120
62 123
62 131
62 132
62 135
62 136
62 137
62 142
62 147
62 148
63 65
63 67
63 72
63 74
63 75
63 76
63 78
63 80
63 84
63 87
63 90
63 94
63 98
63 101
63 108
63 111
63 112
63 113
63 124
63 125
63 131
63 138
63 140
63 142
63 143
63 144
63 146
64 66
64 70
64 76
64 77
64 80
64 82
64 83
64 89
64 90
64 91
64 92
64 93
64 95
64 98
64 101
64 103
64 111
64 114
64 116
64 118
64 121
64 128
64 131
64 132
64 134
64 135
64 136
64 138
64 141
64 144
64 146
64 148
65 67
65 73
65 76
65 78
65 80
65 92
65 94
65 95
65 99
65 102
65 103
65 104
65 106
65 112
65 116
65 118
65 121
65 125
65 129
65 133
65 135
65 136
65 138
65 147
66 70
66 85
66 88
66 89
66 90
66 94
66 100
66 102
66 108
66 111
66 112
66 119
66 121
66 133
66 135
66 136
66 139
66 140
66 141
66 142
66 147
67 68
67 72
67 73
67 77
67 79
67 81
67 82
67 86
67 87
67 90
67 92
67 93
67 98
67 100
67 102
67 104
67 107
67 112
67 113
67 114
67 123
67 126
67 132
67 136
67 142
67 143
67 144
67 149
68 72
68 78
68 80
68 92
68 93
68 96
68 98
68 100
68 102
68 106
68 109
68 112
68 114
68 117
68 122
68 125
68 133
68 135
68 140
68 142
68 145
68 147
69 73
69 77
69 78
69 81
69 82
69 84
69 88
69 91
69 97
69 103
69 111
69 113
69 120
69 122
69 125
69 126
69 131
69 132
69 135
69 137
69 139
69 140
69 147
69 148
70 73
70 76
70 81
70 82
70 89
70 90
70 91
70 92
70 93
70 95
70 98
70 100
70 104
70 106
70 108
70 110
70 111
70 119
70 122
70 127
70 128
70 129
70 136
70 140
70 142
70 143
70 144
70 146
70 147
71 73
71 75
71 76
71 77
71 81
71 83
71 86
71 90
71 96
71 98
71 100
71 102
71 103
71 109
71 110
71 117
71 141
71 143
71 144
72 73
72 76
72 78
72 80
72 86
72 87
72 90
72 94
72 95
72 110
72 113
72 115
72 117
72 121
72 125
72 132
72 136
72 137
72 140
72 146
72 147
72 149
73 75
73 81
73 84
73 89
73 90
73 92
73 93
73 96
73 97
73 98
73 101
73 102
73 107
73 109
73 111
73 113
73 118
73 120
73 123
73 124
73 127
73 139
73 145
73 147
74 75
74 77
74 78
74 79
74 84
74 89
74 90
74 92
74 93
74 95
74 100
74 102
74 106
74 108
74 109
74 110
74 113
74 116
74 119
74 120
74 136
74 137
74 139
74 149
75 77
75 78
75 83
75 86
75 90
75 92
75 98
75 102
75 103
75 107
75 114
75 115
75 116
75 118
75 127
75 136
75 138
75 142
75 144
75 149
76 78
76 86
76 89
76 90
76 92
76 94
76 103
76 104
76 105
76 107
76 108
76 114
76 117
76 118
76 120
76 130
76 131
76 137
76 139
76 141
76 148
77 78
77 82
77 83
77 86
77 95
77 101
77 111
77 115
77 117
77 122
77 124
77 125
77 132
77 133
77 136
77 138
77 143
77 144
77 147
78 82
78 96
78 97
78 104
78 105
78 106
78 111
78 114
78 125
78 127
78 129
78 135
78 139
78 142
78 143
79 82
79 99
79 100
79 107
79 109
79 110
79 115
79 116
79 118
79 121
79 123
79 124
79 125
79 130
79 132
79 134
79 138
79 140
79 144
80 88
80 90
80 91
80 93
80 98
80 99
80 105
80 110
80 114
80 117
80 119
80 123
80 133
80 136
80 139
80 147
81 82
81 87
81 89
81 97
81 102
81 104
81 106
81 110
81 118
81 119
81 127
81 131
81 132
81 137
81 138
81 140
81 141
81 143
81 147
81 148
82 85
82 86
82 88
82 90
82 96
82 102
82 103
82 108
82 109
82 110
82 112
82 114
82 116
82 119
82 122
82 124
82 128
82 130
82 138
82 142
83 86
83 89
83 94
83 96
83 105
83 108
83 109
83 111
83 119
83 121
83 122
83 131
83 132
83 137
83 138
83 140
83 142
83 149
84 86
84 89
84 90
84 93
84 95
84 96
84 97
84 98
84 99
84 102
84 113
84 119
84 122
84 123
84 126
84 131
84 132
84 135
84 137
84 138
84 139
84 144
85 86
85 90
85 97
85 99
85 101
85 107
85 109
85 110
85 111
85 112
85 121
85 125
85 127
85 131
85 132
85 133
85 135
85 136
85 142
85 144
85 147
85 149
86 87
86 88
86 92
86 93
86 95
86 96
86 103
86 109
86 111
86 112
86 113
86 116
86 119
86 120
86 123
86 125
86 130
86 133
86 137
87 92
87 94
87 95
87 96
87 97
87 99
87 101
87 109
87 112
87 116
87 118
87 127
87 132
87 138
87 141
87 142
87 144
87 145
87 148
87 149
88 91
88 92
88 100
88 104
88 113
88 121
88 122
88 125
88 130
88 132
88 139
88 147
89 98
89 100
89 102
89 104
89 106
89 107
89 108
89 109
89 113
89 116
89 117
89 118
89 121
89 124
89 125
89 127
89 129
89 130
89 134
89 136
89 142
89 149
90 97
90 98
90 100
90 104
90 106
90 108
90 113
90 114
90 117
90 121
90 122
90 126
90 133
90 142
91 93
91 98
91 102
91 105
91 110
91 112
91 120
91 125
91 129
91 131
91 140
91 143
91 146
92 95
92 96
92 97
92 98
92 101
92 102
92 103
92 108
92 110
92 111
92 113
92 114
92 115
92 116
92 119
92 122
92 123
92 125
92 131
92 133
92 135
92 140
92 142
92 145
92 147
92 149
93 96
93 98
93 99
93 100
93 101
93 106
93 107
93 112
93 115
93 116
93 121
93 136
93 137
93 142
93 144
93 145
93 148
94 95
94 97
94 99
94 100
94 101
94 103
94 105
94 106
94 109
94 113
94 115
94 119
94 121
94 122
94 126
94 127
94 129
94 143
94 146
94 149
95 98
95 101
95 107
95 111
95 113
95 114
95 116
95 118
95 120
95 121
95 122
95 123
95 125
95 127
95 128
95 131
95 133
95 138
95 139
95 147
96 97
96 110
96 112
96 113
96 118
96 125
96 126
96 128
96 133
96 134
96 136
96 142
96 143
96 144
96 145
96 146
96 147
97 100
97 102
97 104
97 107
97 111
97 118
97 119
97 130
97 135
97 142
97 143
97 145
98 99
98 102
98 107
98 111
98 112
98 113
98 116
98 124
98 126
98 127
98 128
98 131
98 132
98 133
98 134
98 135
98 141
99 100
99 107
99 108
99 112
99 115
99 117
99 118
99 131
99 136
99 142
99 144
99 148
100 103
100 107
100 110
100 113
100 116
100 120
100 126
100 130
100 131
100 134
100 137
100 143
100 146
100 149
101 104
101 106
101 107
101 108
101 109
101 113
101 118
101 119
101 126
101 130
101 131
101 135
101 138
101 144
101 149
102 104
102 106
102 114
102 115
102 117
102 118
102 119
102 120
102 124
102 131
102 137
102 147
102 149
103 105
103 107
103 117
103 118
103 119
103 123
103 124
103 128
103 129
103 133
103 136
103 137
103 144
103 148
104 107
104 110
104 112
104 118
104 121
104 123
104 130
104 141
104 146
104 148
105 108
105 109
105 110
105 113
105 117
105 118
105 122
105 123
105 125
105 129
105 130
105 131
105 137
105 140
105 145
105 146
106 111
106 112
106 116
106 122
106 125
106 131
106 132
106 134
106 139
106 143
106 145
107 115
107 121
107 124
107 127
107 129
107 137
107 139
107 141
108 109
108 110
108 111
108 112
108 115
108 116
108 117
108 124
108 126
108 127
108 128
108 131
108 133
108 138
108 139
108 141
108 145
108 148
108 149
109 114
109 115
109 118
109 123
109 124
109 125
109 140
109 145
109 147
109 149
110 116
110 118
110 121
110 131
110 134
110 135
110 140
110 142
110 143
110 147
110 148
111 112
111 116
111 117
111 120
111 123
111 129
111 131
111 132
111 135
111 136
111 137
111 141
111 143
111 144
111 147
112 118
112 121
112 123
112 130
112 132
112 137
112 143
112 144
113 120
113 124
113 127
113 134
113 138
114 115
114 117
114 120
114 122
114 123
114 125
114 127
114 130
114 132
114 137
114 142
115 119
115 124
115 132
115 133
115 136
115 142
115 145
115 146
116 117
116 119
116 121
116 125
116 126
116 131
116 132
116 139
116 144
116 149
117 119
117 120
117 124
117 129
117 139
117 140
117 142
117 149
118 123
118 125
118 127
118 130
118 132
118 133
118 136
118 138
118 142
118 143
118 144
118 149
119 120
119 121
119 122
119 123
119 125
119 128
119 139
119 141
119 145
120 121
120 123
120 126
120 127
120 128
120 131
120 133
120 139
120 140
120 141
120 145
120 147
121 123
121 126
121 128
121 136
121 139
121 142
121 144
121 147
121 149
122 126
122 131
122 133
122 137
122 141
122 143
122 148
123 127
123 131
123 134
123 136
123 138
123 141
123 143
123 148
124 127
124 129
124 132
124 135
124 143
124 144
124 148
125 126
125 128
125 129
125 136
125 141
125 145
125 146
125 148
126 127
126 128
126 131
126 135
127 128
127 136
127 137
127 138
127 139
127 143
127 146
127 147
128 130
128 131
128 133
128 134
128 136
128 140
128 146
128 148
129 130
129 131
129 132
129 134
129 136
129 137
129 142
129 147
129 148
130 131
130 132
130 133
130 142
130 144
130 148
131 132
131 140
131 146
131 149
132 133
132 137
132 139
132 140
132 143
132 144
132 145
132 148
133 139
133 142
133 147
133 148
134 139
134 141
134 144
134 146
135 141
135 145
136 137
136 138
136 143
136 145
136 146
136 147
136 148
137 138
137 144
137 145
138 141
138 142
138 145
139 144
139 148
139 149
140 141
140 148
140 149
141 144
141 146
141 148
141 149
142 144
143 149
144 148
145 146
145 147
145 149
147 148
147 149