200
9967
0 0.93
1 0.47
2 0.64
3 0.88
4 0.00
5 0.99
6 0.50
7 0.65
8 0.54
9 0.37
10 0.92
11 0.67
12 0.45
13 0.19
14 0.50
15 0.40
16 0.19
17 0.52
18 0.05
19 0.21
20 0.90
21 0.54
22 0.66
23 0.26
24 0.36
25 0.93
26 0.32
27 0.39
28 0.89
29 0.30
30 0.71
31 0.09
32 0.01
33 0.55
34 0.45
35 0.30
36 0.07
37 0.97
38 0.82
39 0.58
40 0.10
41 0.54
42 0.21
43 0.12
44 0.05
45 0.78
46 0.59
47 0.62
48 0.89
49 0.21
50 0.47
51 0.14
52 0.73
53 0.86
54 0.99
55 0.92
56 0.48
57 0.37
58 0.68
59 0.99
60 0.41
61 0.03
62 0.40
63 0.32
64 0.71
65 0.64
66 0.82
67 0.88
68 0.81
69 0.10
70 0.97
71 0.35
72 0.07
73 0.04
74 0.70
75 0.39
76 0.94
77 0.72
78 0.11
79 0.05
80 0.95
81 0.51
82 0.05
83 0.20
84 0.60
85 0.33
86 0.06
87 0.35
88 0.62
89 0.25
90 0.76
91 0.46
92 0.23
93 0.87
94 0.94
95 0.30
96 0.52
97 0.24
98 0.97
99 0.28
100 0.56
101 0.42
102 0.34
103 0.94
104 0.57
105 0.36
106 0.76
107 0.70
108 0.91
109 0.32
110 0.76
111 0.43
112 0.19
113 0.68
114 0.29
115 0.55
116 0.20
117 0.30
118 0.74
119 0.23
120 0.20
121 0.23
122 0.29
123 0.57
124 0.66
125 0.16
126 0.00
127 0.09
128 0.26
129 0.87
130 0.73
131 0.37
132 0.32
133 0.06
134 0.24
135 0.09
136 0.26
137 0.09
138 0.21
139 0.04
140 0.96
141 0.44
142 0.53
143 0.71
144 0.02
145 0.34
146 0.63
147 0.01
148 0.44
149 0.13
150 0.12
151 0.86
152 0.59
153 0.07
154 0.61
155 0.79
156 0.25
157 0.42
158 0.22
159 0.49
160 0.57
161 0.52
162 0.54
163 0.10
164 0.17
165 0.06
166 0.69
167 0.99
168 0.43
169 0.95
170 0.44
171 0.78
172 0.75
173 0.71
174 0.28
175 0.28
176 0.60
177 0.88
178 0.75
179 0.09
180 0.15
181 0.67
182 0.91
183 0.46
184 0.27
185 0.87
186 0.82
187 0.09
188 0.50
189 0.29
190 0.74
191 0.99
192 0.39
193 0.08
194 0.31
195 0.54
196 0.94
197 0.76
198 0.58
199 0.14
0 1
0 4
0 6
0 9
0 10
0 11
0 15
0 16
0 19
0 22
0 25
0 26
0 28
0 29
0 32
0 33
0 34
0 35
0 37
0 38
0 39
0 40
0 43
0 44
0 45
0 47
0 50
0 52
0 59
0 60
0 63
0 64
0 65
0 66
0 67
0 68
0 69
0 71
0 75
0 76
0 77
0 80
0 82
0 83
0 84
0 85
0 86
0 89
0 92
0 95
0 96
0 99
0 101
0 107
0 108
0 109
0 110
0 111
0 115
0 116
0 120
0 125
0 126
0 127
0 128
0 129
0 130
0 135
0 136
0 137
0 139
0 142
0 145
0 147
0 148
0 149
0 150
0 151
0 153
0 154
0 156
0 160
0 161
0 162
0 166
0 167
0 170
0 172
0 174
0 178
0 179
0 181
0 183
0 185
0 186
0 187
0 188
0 190
0 191
0 195
0 196
0 197
0 198
1 3
1 5
1 6
1 8
1 10
1 11
1 12
1 17
1 18
1 19
1 24
1 25
1 27
1 28
1 29
1 31
1 32
1 33
1 36
1 41
1 42
1 45
1 46
1 47
1 48
1 51
1 52
1 53
1 56
1 57
1 59
1 60
1 65
1 66
1 67
1 68
1 69
1 73
1 74
1 76
1 77
1 79
1 80
1 82
1 87
1 90
1 92
1 95
1 96
1 100
1 104
1 107
1 109
1 110
1 111
1 112
1 114
1 116
1 119
1 125
1 129
1 130
1 135
1 137
1 138
1 140
1 141
1 143
1 149
1 151
1 152
1 153
1 154
1 155
1 158
1 159
1 161
1 163
1 164
1 166
1 167
1 171
1 175
1 177
1 178
1 182
1 183
1 185
1 186
1 187
1 188
1 192
1 193
1 194
1 196
1 198
1 199
2 4
2 7
2 13
2 14
2 17
2 18
2 19
2 20
2 21
2 23
2 24
2 26
2 33
2 36
2 37
2 39
2 40
2 43
2 44
2 46
2 47
2 48
2 50
2 53
2 55
2 56
2 58
2 60
2 61
2 63
2 67
2 69
2 70
2 73
2 74
2 75
2 77
2 78
2 81
2 82
2 85
2 86
2 87
2 88
2 89
2 90
2 91
2 92
2 93
2 95
2 96
2 102
2 103
2 105
2 106
2 107
2 108
2 110
2 111
2 116
2 117
2 118
2 120
2 126
2 127
2 132
2 133
2 135
2 136
2 140
2 141
2 142
2 145
2 146
2 147
2 149
2 153
2 155
2 157
2 158
2 160
2 162
2 163
2 165
2 166
2 169
2 170
2 171
2 172
2 174
2 177
2 179
2 181
2 184
2 187
2 192
2 193
2 194
2 198
2 199
3 7
3 8
3 9
3 11
3 13
3 15
3 17
3 19
3 20
3 21
3 22
3 26
3 27
3 28
3 29
3 31
3 32
3 34
3 37
3 43
3 47
3 48
3 51
3 57
3 58
3 61
3 66
3 71
3 72
3 73
3 75
3 79
3 82
3 84
3 85
3 89
3 90
3 96
3 98
3 99
3 100
3 102
3 103
3 104
3 105
3 108
3 109
3 113
3 119
3 121
3 126
3 127
3 128
3 130
3 132
3 133
3 134
3 135
3 137
3 138
3 139
3 140
3 142
3 145
3 147
3 153
3 155
3 156
3 157
3 158
3 159
3 160
3 164
3 165
3 168
3 173
3 176
3 179
3 180
3 181
3 182
3 185
3 186
3 192
3 195
3 198
4 6
4 7
4 9
4 12
4 13
4 14
4 15
4 16
4 19
4 20
4 23
4 25
4 27
4 32
4 34
4 35
4 39
4 43
4 44
4 45
4 48
4 50
4 53
4 55
4 56
4 59
4 64
4 67
4 68
4 69
4 71
4 73
4 75
4 76
4 77
4 79
4 80
4 81
4 82
4 83
4 85
4 87
4 90
4 91
4 93
4 94
4 95
4 96
4 97
4 98
4 99
4 104
4 106
4 112
4 113
4 114
4 115
4 116
4 122
4 127
4 128
4 131
4 133
4 136
4 138
4 139
4 140
4 142
4 144
4 145
4 151
4 154
4 155
4 156
4 157
4 158
4 159
4 161
4 162
4 168
4 170
4 172
4 176
4 179
4 181
4 182
4 187
4 188
4 191
4 192
4 193
4 196
4 197
4 198
5 7
5 8
5 9
5 10
5 11
5 13
5 15
5 17
5 19
5 21
5 23
5 24
5 27
5 29
5 32
5 33
5 34
5 35
5 36
5 37
5 38
5 39
5 40
5 42
5 45
5 47
5 48
5 52
5 54
5 55
5 56
5 59
5 61
5 62
5 63
5 65
5 68
5 69
5 70
5 74
5 75
5 77
5 78
5 79
5 80
5 82
5 83
5 85
5 88
5 90
5 92
5 93
5 95
5 98
5 103
5 106
5 107
5 109
5 111
5 112
5 120
5 121
5 126
5 132
5 133
5 134
5 135
5 136
5 138
5 141
5 144
5 145
5 146
5 147
5 149
5 150
5 151
5 153
5 154
5 155
5 156
5 157
5 159
5 160
5 162
5 164
5 169
5 171
5 173
5 176
5 177
5 184
5 185
5 186
5 187
5 190
5 191
5 192
5 193
5 195
5 197
6 7
6 9
6 11
6 13
6 14
6 16
6 20
6 21
6 22
6 25
6 27
6 28
6 30
6 31
6 32
6 33
6 35
6 38
6 39
6 40
6 41
6 42
6 43
6 44
6 48
6 50
6 52
6 53
6 54
6 55
6 64
6 65
6 66
6 68
6 69
6 71
6 74
6 75
6 80
6 82
6 85
6 86
6 87
6 90
6 91
6 92
6 93
6 94
6 96
6 97
6 99
6 100
6 101
6 102
6 105
6 107
6 108
6 109
6 110
6 111
6 112
6 116
6 119
6 121
6 123
6 125
6 127
6 128
6 131
6 133
6 134
6 135
6 136
6 138
6 141
6 143
6 145
6 146
6 147
6 148
6 149
6 150
6 151
6 156
6 161
6 163
6 165
6 168
6 170
6 172
6 173
6 176
6 179
6 180
6 184
6 185
6 186
6 187
6 190
6 191
6 193
6 196
6 197
6 199
7 13
7 14
7 15
7 16
7 17
7 18
7 19
7 20
7 21
7 23
7 24
7 25
7 26
7 28
7 29
7 30
7 31
7 32
7 33
7 35
7 36
7 37
7 39
7 44
7 46
7 47
7 48
7 49
7 52
7 54
7 56
7 57
7 62
7 63
7 65
7 67
7 73
7 76
7 78
7 80
7 84
7 86
7 87
7 89
7 95
7 96
7 97
7 101
7 104
7 107
7 108
7 111
7 113
7 114
7 115
7 117
7 118
7 120
7 126
7 127
7 128
7 129
7 130
7 131
7 134
7 135
7 137
7 138
7 139
7 140
7 141
7 142
7 143
7 144
7 146
7 152
7 154
7 156
7 157
7 158
7 161
7 164
7 165
7 166
7 167
7 170
7 171
7 173
7 175
7 180
7 182
7 184
7 185
7 187
7 189
7 192
7 194
7 195
7 198
7 199
8 9
8 18
8 20
8 21
8 22
8 23
8 27
8 28
8 30
8 33
8 34
8 38
8 39
8 42
8 43
8 45
8 47
8 48
8 49
8 50
8 57
8 58
8 59
8 60
8 63
8 64
8 65
8 70
8 71
8 73
8 74
8 75
8 77
8 78
8 80
8 81
8 84
8 86
8 87
8 89
8 90
8 92
8 93
8 96
8 99
8 102
8 107
8 108
8 109
8 110
8 111
8 115
8 116
8 117
8 118
8 119
8 120
8 123
8 124
8 126
8 130
8 134
8 136
8 139
8 140
8 143
8 144
8 147
8 149
8 150
8 152
8 153
8 154
8 161
8 163
8 167
8 171
8 173
8 174
8 175
8 177
8 179
8 180
8 183
8 185
8 188
8 191
8 193
8 194
8 196
9 10
9 11
9 14
9 18
9 20
9 21
9 22
9 23
9 24
9 27
9 29
9 30
9 31
9 32
9 33
9 35
9 37
9 38
9 43
9 45
9 47
9 51
9 53
9 54
9 56
9 57
9 58
9 64
9 65
9 66
9 67
9 68
9 69
9 70
9 73
9 76
9 81
9 84
9 85
9 86
9 89
9 90
9 91
9 93
9 97
9 99
9 100
9 101
9 102
9 103
9 104
9 105
9 107
9 109
9 112
9 115
9 116
9 119
9 121
9 122
9 126
9 127
9 129
9 131
9 132
9 134
9 136
9 138
9 140
9 141
9 142
9 148
9 151
9 153
9 154
9 155
9 156
9 158
9 159
9 160
9 161
9 162
9 163
9 164
9 165
9 166
9 167
9 168
9 169
9 172
9 173
9 174
9 176
9 183
9 185
9 188
9 189
9 191
9 192
9 193
9 195
9 198
9 199
10 12
10 16
10 17
10 20
10 21
10 24
10 25
10 27
10 29
10 30
10 31
10 35
10 36
10 37
10 40
10 41
10 44
10 48
10 51
10 52
10 53
10 57
10 58
10 61
10 64
10 70
10 76
10 79
10 80
10 81
10 83
10 86
10 92
10 94
10 95
10 97
10 100
10 101
10 103
10 104
10 105
10 106
10 107
10 108
10 110
10 111
10 112
10 113
10 119
10 120
10 121
10 123
10 126
10 128
10 131
10 132
10 134
10 139
10 140
10 145
10 146
10 147
10 149
10 153
10 156
10 157
10 160
10 164
10 165
10 167
10 169
10 174
10 178
10 179
10 180
10 182
10 184
10 185
10 186
10 188
10 190
10 194
10 199
11 12
11 13
11 15
11 19
11 20
11 25
11 27
11 28
11 29
11 30
11 32
11 33
11 34
11 35
11 36
11 37
11 38
11 39
11 41
11 45
11 48
11 50
11 51
11 52
11 53
11 54
11 57
11 58
11 61
11 64
11 65
11 67
11 68
11 69
11 70
11 78
11 80
11 82
11 84
11 85
11 86
11 87
11 90
11 92
11 93
11 94
11 96
11 98
11 99
11 102
11 104
11 106
11 108
11 111
11 114
11 115
11 116
11 123
11 125
11 127
11 129
11 133
11 138
11 139
11 140
11 144
11 145
11 147
11 148
11 149
11 150
11 154
11 155
11 156
11 157
11 158
11 161
11 163
11 165
11 166
11 167
11 172
11 177
11 178
11 180
11 183
11 184
11 186
11 192
11 194
11 195
11 196
11 197
11 199
12 16
12 18
12 19
12 20
12 21
12 23
12 24
12 25
12 27
12 28
12 29
12 30
12 35
12 36
12 37
12 39
12 40
12 42
12 46
12 47
12 48
12 52
12 55
12 56
12 57
12 58
12 62
12 66
12 67
12 69
12 71
12 72
12 73
12 76
12 77
12 78
12 80
12 81
12 82
12 83
12 87
12 88
12 89
12 91
12 92
12 96
12 102
12 103
12 104
12 105
12 106
12 107
12 108
12 109
12 110
12 111
12 113
12 114
12 115
12 117
12 118
12 120
12 121
12 122
12 124
12 126
12 127
12 128
12 129
12 130
12 131
12 133
12 135
12 136
12 138
12 139
12 140
12 141
12 144
12 145
12 147
12 149
12 150
12 151
12 152
12 153
12 154
12 155
12 160
12 166
12 168
12 169
12 171
12 172
12 173
12 175
12 177
12 179
12 181
12 183
12 185
12 186
12 192
12 193
12 195
12 196
12 197
12 198
12 199
13 19
13 20
13 21
13 22
13 25
13 26
13 27
13 31
13 32
13 39
13 40
13 43
13 44
13 47
13 48
13 49
13 51
13 55
13 56
13 58
13 64
13 65
13 66
13 67
13 68
13 70
13 71
13 74
13 76
13 77
13 79
13 82
13 83
13 84
13 88
13 90
13 95
13 98
13 99
13 102
13 104
13 105
13 107
13 109
13 110
13 112
13 114
13 116
13 118
13 120
13 122
13 129
13 130
13 132
13 136
13 137
13 139
13 140
13 142
13 144
13 145
13 148
13 149
13 150
13 151
13 153
13 155
13 156
13 157
13 158
13 161
13 162
13 165
13 166
13 168
13 169
13 170
13 171
13 172
13 180
13 182
13 183
13 190
13 191
13 192
13 196
13 198
13 199
14 16
14 17
14 19
14 20
14 25
14 26
14 30
14 32
14 33
14 34
14 37
14 38
14 40
14 41
14 42
14 44
14 46
14 47
14 48
14 49
14 51
14 52
14 53
14 54
14 57
14 59
14 66
14 67
14 72
14 73
14 76
14 78
14 79
14 81
14 82
14 84
14 86
14 88
14 89
14 91
14 93
14 104
14 105
14 107
14 111
14 112
14 116
14 117
14 120
14 121
14 122
14 126
14 127
14 128
14 129
14 130
14 132
14 133
14 134
14 135
14 138
14 140
14 142
14 143
14 144
14 145
14 148
14 150
14 153
14 159
14 169
14 170
14 171
14 173
14 174
14 175
14 178
14 181
14 182
14 183
14 185
14 186
14 187
14 191
14 192
14 193
14 197
14 198
14 199
15 17
15 18
15 22
15 25
15 26
15 27
15 28
15 30
15 31
15 33
15 37
15 39
15 40
15 42
15 44
15 49
15 50
15 51
15 54
15 56
15 59
15 61
15 62
15 63
15 68
15 69
15 70
15 72
15 73
15 74
15 75
15 76
15 79
15 80
15 81
15 82
15 87
15 88
15 89
15 90
15 91
15 92
15 93
15 95
15 98
15 100
15 104
15 106
15 111
15 114
15 115
15 116
15 118
15 121
15 123
15 126
15 127
15 129
15 130
15 133
15 134
15 136
15 137
15 138
15 140
15 143
15 146
15 147
15 148
15 151
15 152
15 154
15 157
15 160
15 162
15 164
15 165
15 167
15 169
15 170
15 171
15 175
15 177
15 178
15 180
15 182
15 183
15 184
15 186
15 187
15 189
15 192
15 193
15 194
15 196
15 198
16 19
16 20
16 23
16 26
16 28
16 29
16 33
16 35
16 36
16 40
16 42
16 44
16 45
16 46
16 47
16 50
16 51
16 55
16 56
16 57
16 58
16 59
16 60
16 66
16 67
16 69
16 70
16 71
16 73
16 74
16 76
16 79
16 80
16 84
16 85
16 86
16 90
16 92
16 95
16 96
16 97
16 98
16 99
16 100
16 106
16 107
16 108
16 111
16 112
16 113
16 116
16 117
16 118
16 119
16 124
16 125
16 126
16 127
16 130
16 132
16 136
16 137
16 141
16 142
16 144
16 146
16 147
16 155
16 159
16 160
16 161
16 162
16 163
16 164
16 165
16 166
16 167
16 168
16 172
16 174
16 184
16 187
16 189
16 191
16 193
16 194
16 195
16 199
17 19
17 21
17 22
17 24
17 25
17 26
17 27
17 29
17 31
17 32
17 33
17 36
17 37
17 40
17 42
17 43
17 44
17 50
17 52
17 53
17 54
17 56
17 63
17 65
17 72
17 75
17 76
17 77
17 80
17 82
17 83
17 84
17 85
17 87
17 88
17 89
17 90
17 94
17 95
17 98
17 99
17 100
17 101
17 104
17 107
17 110
17 114
17 117
17 118
17 119
17 124
17 125
17 126
17 127
17 128
17 131
17 132
17 133
17 135
17 136
17 137
17 141
17 145
17 147
17 148
17 150
17 152
17 153
17 154
17 157
17 158
17 161
17 162
17 166
17 167
17 168
17 169
17 172
17 174
17 176
17 177
17 180
17 181
17 182
17 183
17 189
17 191
17 195
17 198
17 199
18 22
18 23
18 24
18 25
18 26
18 27
18 28
18 29
18 30
18 33
18 34
18 36
18 37
18 38
18 39
18 40
18 43
18 44
18 45
18 46
18 49
18 51
18 53
18 54
18 57
18 60
18 62
18 64
18 68
18 69
18 71
18 72
18 74
18 75
18 76
18 78
18 82
18 91
18 95
18 96
18 98
18 99
18 100
18 101
18 103
18 105
18 108
18 113
18 115
18 116
18 117
18 118
18 123
18 124
18 125
18 127
18 131
18 133
18 134
18 135
18 139
18 140
18 142
18 146
18 147
18 148
18 150
18 152
18 153
18 156
18 161
18 163
18 164
18 165
18 167
18 169
18 170
18 173
18 174
18 175
18 178
18 180
18 181
18 183
18 187
18 189
18 191
18 192
18 193
18 195
19 20
19 21
19 26
19 27
19 28
19 30
19 34
19 35
19 36
19 37
19 39
19 40
19 41
19 43
19 46
19 47
19 48
19 50
19 51
19 52
19 53
19 54
19 56
19 59
19 60
19 62
19 68
19 69
19 71
19 75
19 77
19 79
19 80
19 82
19 83
19 89
19 93
19 95
19 96
19 98
19 104
19 105
19 107
19 108
19 109
19 111
19 112
19 115
19 116
19 117
19 119
19 120
19 124
19 125
19 129
19 130
19 131
19 134
19 135
19 136
19 139
19 141
19 143
19 148
19 149
19 151
19 152
19 156
19 158
19 159
19 160
19 163
19 164
19 165
19 166
19 168
19 174
19 176
19 177
19 178
19 179
19 181
19 186
19 188
19 189
19 195
19 196
19 197
19 198
19 199
20 21
20 22
20 24
20 25
20 32
20 34
20 36
20 37
20 40
20 43
20 44
20 46
20 51
20 53
20 55
20 57
20 61
20 63
20 66
20 68
20 69
20 70
20 71
20 73
20 74
20 75
20 79
20 82
20 83
20 88
20 89
20 90
20 91
20 92
20 93
20 94
20 96
20 98
20 99
20 102
20 103
20 104
20 106
20 109
20 111
20 113
20 115
20 116
20 117
20 121
20 122
20 123
20 126
20 127
20 128
20 130
20 132
20 133
20 134
20 137
20 138
20 140
20 141
20 142
20 145
20 146
20 151
20 152
20 155
20 156
20 157
20 160
20 164
20 165
20 169
20 171
20 172
20 173
20 177
20 178
20 179
20 180
20 182
20 186
20 188
20 192
20 196
20 198
21 22
21 23
21 24
21 25
21 29
21 31
21 33
21 34
21 37
21 38
21 39
21 41
21 44
21 45
21 46
21 47
21 48
21 49
21 50
21 51
21 52
21 53
21 55
21 56
21 57
21 58
21 63
21 64
21 67
21 70
21 71
21 74
21 75
21 77
21 78
21 82
21 86
21 87
21 89
21 90
21 91
21 93
21 94
21 96
21 99
21 100
21 101
21 102
21 103
21 104
21 106
21 107
21 108
21 109
21 110
21 111
21 114
21 115
21 116
21 118
21 122
21 123
21 124
21 125
21 126
21 129
21 130
21 132
21 133
21 136
21 137
21 138
21 139
21 142
21 144
21 146
21 147
21 148
21 151
21 154
21 155
21 156
21 160
21 164
21 165
21 166
21 167
21 169
21 170
21 173
21 174
21 175
21 176
21 177
21 180
21 182
21 183
21 184
21 186
21 187
21 190
21 195
21 197
21 198
22 24
22 25
22 28
22 29
22 31
22 33
22 35
22 36
22 38
22 40
22 41
22 42
22 46
22 47
22 48
22 49
22 55
22 58
22 62
22 63
22 65
22 75
22 78
22 81
22 82
22 83
22 84
22 85
22 86
22 87
22 88
22 91
22 92
22 93
22 94
22 100
22 102
22 103
22 104
22 113
22 114
22 115
22 117
22 120
22 124
22 127
22 129
22 130
22 132
22 134
22 136
22 137
22 138
22 139
22 144
22 145
22 149
22 152
22 153
22 155
22 157
22 159
22 164
22 166
22 169
22 172
22 179
22 180
22 181
22 184
22 186
22 187
22 189
22 190
22 193
22 195
22 196
22 197
22 198
22 199
23 25
23 27
23 28
23 29
23 30
23 32
23 33
23 34
23 35
23 38
23 40
23 42
23 43
23 46
23 47
23 48
23 49
23 50
23 51
23 53
23 56
23 57
23 59
23 60
23 66
23 67
23 69
23 72
23 75
23 86
23 88
23 89
23 97
23 98
23 102
23 103
23 110
23 111
23 113
23 115
23 116
23 118
23 125
23 126
23 129
23 131
23 132
23 136
23 138
23 139
23 144
23 145
23 146
23 148
23 149
23 150
23 154
23 156
23 158
23 160
23 161
23 163
23 164
23 166
23 167
23 168
23 169
23 172
23 173
23 182
23 184
23 187
23 188
23 195
23 196
23 198
24 26
24 29
24 30
24 33
24 34
24 35
24 36
24 39
24 42
24 44
24 45
24 46
24 48
24 50
24 53
24 60
24 61
24 62
24 63
24 64
24 65
24 66
24 68
24 73
24 76
24 80
24 81
24 82
24 84
24 85
24 86
24 89
24 94
24 97
24 98
24 99
24 100
24 101
24 104
24 106
24 107
24 109
24 110
24 112
24 113
24 114
24 115
24 117
24 119
24 123
24 125
24 126
24 129
24 130
24 131
24 133
24 134
24 138
24 139
24 146
24 147
24 149
24 150
24 151
24 153
24 154
24 157
24 160
24 162
24 167
24 174
24 177
24 178
24 181
24 182
24 185
24 186
24 187
24 188
24 190
24 191
24 192
24 193
24 194
24 196
24 198
24 199
25 26
25 27
25 30
25 33
25 34
25 36
25 42
25 44
25 45
25 47
25 48
25 49
25 50
25 51
25 52
25 53
25 54
25 55
25 56
25 58
25 60
25 62
25 65
25 66
25 68
25 69
25 71
25 72
25 73
25 74
25 76
25 77
25 78
25 81
25 82
25 84
25 87
25 89
25 90
25 93
25 95
25 97
25 98
25 99
25 100
25 103
25 105
25 106
25 107
25 110
25 112
25 113
25 116
25 117
25 118
25 120
25 123
25 124
25 125
25 126
25 127
25 129
25 130
25 131
25 132
25 134
25 135
25 136
25 137
25 138
25 139
25 141
25 142
25 143
25 149
25 150
25 153
25 154
25 155
25 156
25 158
25 161
25 164
25 166
25 167
25 170
25 171
25 176
25 177
25 180
25 184
25 185
25 186
25 187
25 188
25 189
25 190
25 192
25 193
25 195
25 197
25 199
26 28
26 29
26 30
26 35
26 38
26 39
26 40
26 42
26 43
26 46
26 51
26 52
26 54
26 56
26 57
26 58
26 59
26 60
26 61
26 62
26 64
26 65
26 66
26 68
26 74
26 76
26 79
26 82
26 88
26 91
26 99
26 100
26 102
26 103
26 106
26 107
26 112
26 114
26 117
26 118
26 119
26 121
26 122
26 123
26 126
26 131
26 134
26 135
26 136
26 138
26 140
26 141
26 142
26 144
26 145
26 148
26 151
26 152
26 153
26 158
26 159
26 160
26 161
26 169
26 172
26 175
26 179
26 182
26 183
26 186
26 188
26 189
26 190
26 191
26 193
26 194
26 198
26 199
27 29
27 30
27 31
27 33
27 35
27 36
27 39
27 40
27 41
27 44
27 50
27 51
27 53
27 54
27 55
27 57
27 58
27 59
27 60
27 63
27 64
27 65
27 66
27 67
27 68
27 69
27 70
27 72
27 78
27 85
27 86
27 87
27 94
27 95
27 98
27 99
27 100
27 103
27 104
27 105
27 106
27 107
27 111
27 112
27 113
27 115
27 116
27 117
27 121
27 124
27 125
27 126
27 127
27 128
27 129
27 130
27 132
27 134
27 135
27 137
27 138
27 139
27 143
27 144
27 146
27 147
27 148
27 151
27 152
27 153
27 154
27 155
27 156
27 157
27 158
27 161
27 165
27 166
27 167
27 170
27 177
27 179
27 182
27 183
27 185
27 188
27 189
27 190
27 191
27 195
27 197
28 29
28 30
28 31
28 32
28 38
28 39
28 40
28 41
28 42
28 43
28 46
28 48
28 49
28 51
28 53
28 55
28 56
28 59
28 60
28 63
28 68
28 69
28 72
28 74
28 77
28 79
28 83
28 84
28 89
28 90
28 92
28 93
28 97
28 98
28 102
28 105
28 109
28 110
28 111
28 114
28 115
28 118
28 125
28 126
28 128
28 129
28 130
28 135
28 137
28 138
28 139
28 141
28 142
28 144
28 145
28 146
28 148
28 149
28 151
28 153
28 154
28 155
28 157
28 160
28 161
28 163
28 166
28 167
28 171
28 172
28 174
28 175
28 176
28 177
28 179
28 182
28 184
28 185
28 190
28 191
28 192
28 193
28 196
28 199
29 31
29 35
29 36
29 37
29 40
29 41
29 42
29 44
29 46
29 49
29 52
29 54
29 56
29 59
29 62
29 65
29 67
29 69
29 70
29 71
29 72
29 74
29 78
29 79
29 80
29 82
29 83
29 84
29 86
29 87
29 89
29 90
29 97
29 98
29 100
29 105
29 106
29 107
29 110
29 111
29 112
29 113
29 114
29 115
29 117
29 118
29 119
29 121
29 124
29 126
29 127
29 128
29 131
29 132
29 136
29 137
29 139
29 140
29 141
29 142
29 143
29 148
29 151
29 152
29 153
29 155
29 157
29 158
29 159
29 160
29 161
29 162
29 163
29 164
29 165
29 166
29 168
29 169
29 173
29 176
29 177
29 181
29 182
29 183
29 185
29 190
29 191
29 193
29 194
29 195
29 197
29 199
30 33
30 34
30 35
30 36
30 38
30 40
30 41
30 42
30 43
30 44
30 46
30 51
30 53
30 54
30 56
30 57
30 58
30 63
30 64
30 66
30 67
30 69
30 70
30 71
30 72
30 77
30 78
30 80
30 81
30 83
30 88
30 89
30 92
30 94
30 95
30 96
30 98
30 101
30 102
30 103
30 104
30 105
30 108
30 109
30 110
30 112
30 113
30 114
30 116
30 119
30 121
30 123
30 125
30 126
30 130
30 131
30 132
30 135
30 137
30 138
30 141
30 142
30 144
30 146
30 147
30 148
30 151
30 152
30 154
30 156
30 159
30 164
30 167
30 170
30 173
30 174
30 175
30 176
30 178
30 179
30 183
30 184
30 186
30 190
30 191
30 192
30 194
30 196
30 197
31 33
31 34
31 35
31 36
31 37
31 38
31 39
31 40
31 43
31 44
31 45
31 46
31 48
31 49
31 50
31 51
31 54
31 56
31 57
31 58
31 59
31 62
31 63
31 64
31 65
31 66
31 71
31 72
31 73
31 74
31 75
31 76
31 77
31 79
31 80
31 82
31 83
31 85
31 86
31 88
31 90
31 93
31 96
31 98
31 99
31 100
31 101
31 104
31 106
31 107
31 110
31 111
31 112
31 113
31 114
31 117
31 120
31 122
31 124
31 125
31 126
31 129
31 131
31 134
31 135
31 136
31 137
31 142
31 143
31 144
31 149
31 150
31 151
31 154
31 155
31 159
31 161
31 163
31 164
31 167
31 168
31 169
31 170
31 175
31 178
31 180
31 185
31 186
31 187
31 190
31 192
31 194
31 195
31 196
31 198
32 33
32 35
32 37
32 38
32 39
32 42
32 43
32 44
32 46
32 47
32 49
32 52
32 54
32 55
32 60
32 65
32 68
32 69
32 71
32 74
32 75
32 77
32 78
32 79
32 80
32 83
32 84
32 86
32 87
32 88
32 90
32 91
32 92
32 93
32 95
32 96
32 98
32 99
32 100
32 101
32 103
32 108
32 109
32 110
32 112
32 117
32 118
32 119
32 121
32 122
32 123
32 125
32 127
32 134
32 136
32 137
32 138
32 139
32 141
32 142
32 143
32 144
32 145
32 151
32 152
32 154
32 156
32 157
32 160
32 161
32 164
32 165
32 166
32 168
32 169
32 170
32 172
32 175
32 178
32 179
32 180
32 181
32 182
32 184
32 186
32 187
32 188
32 189
32 190
33 34
33 36
33 39
33 40
33 41
33 43
33 44
33 47
33 48
33 49
33 51
33 52
33 55
33 56
33 59
33 60
33 61
33 62
33 65
33 67
33 69
33 71
33 73
33 76
33 77
33 78
33 83
33 84
33 87
33 88
33 89
33 90
33 91
33 93
33 95
33 99
33 100
33 102
33 103
33 105
33 106
33 108
33 112
33 116
33 118
33 119
33 120
33 122
33 123
33 124
33 125
33 127
33 129
33 131
33 132
33 133
33 134
33 137
33 141
33 143
33 144
33 145
33 146
33 150
33 152
33 153
33 154
33 157
33 158
33 159
33 163
33 170
33 171
33 175
33 176
33 177
33 182
33 183
33 184
33 185
33 188
33 190
33 195
33 196
33 197
34 35
34 43
34 44
34 48
34 49
34 52
34 53
34 59
34 60
34 61
34 66
34 68
34 69
34 71
34 73
34 74
34 76
34 79
34 84
34 86
34 87
34 91
34 94
34 97
34 98
34 100
34 101
34 104
34 105
34 109
34 110
34 111
34 112
34 115
34 117
34 118
34 121
34 122
34 123
34 126
34 127
34 130
34 131
34 132
34 134
34 136
34 137
34 138
34 140
34 141
34 142
34 144
34 145
34 146
34 147
34 150
34 151
34 152
34 154
34 158
34 161
34 163
34 165
34 166
34 167
34 168
34 169
34 170
34 171
34 172
34 173
34 177
34 178
34 180
34 181
34 185
34 186
34 189
34 190
34 193
34 197
34 198
34 199
35 36
35 37
35 38
35 41
35 43
35 45
35 46
35 48
35 49
35 53
35 60
35 61
35 64
35 65
35 66
35 67
35 71
35 72
35 73
35 74
35 76
35 78
35 81
35 83
35 86
35 87
35 88
35 91
35 95
35 99
35 100
35 103
35 108
35 110
35 113
35 117
35 119
35 120
35 121
35 122
35 125
35 126
35 127
35 129
35 133
35 136
35 138
35 140
35 142
35 143
35 144
35 145
35 146
35 148
35 150
35 155
35 156
35 157
35 158
35 159
35 160
35 163
35 164
35 167
35 169
35 170
35 172
35 174
35 175
35 179
35 180
35 183
35 184
35 186
35 188
35 189
35 192
35 196
35 197
35 199
36 40
36 43
36 45
36 47
36 50
36 52
36 57
36 60
36 62
36 63
36 64
36 65
36 66
36 67
36 69
36 70
36 71
36 72
36 73
36 77
36 78
36 79
36 80
36 87
36 88
36 92
36 93
36 94
36 95
36 99
36 101
36 102
36 105
36 106
36 108
36 111
36 112
36 113
36 114
36 116
36 123
36 124
36 125
36 129
36 131
36 133
36 138
36 140
36 141
36 142
36 143
36 144
36 147
36 148
36 150
36 152
36 153
36 155
36 159
36 160
36 161
36 162
36 166
36 168
36 171
36 172
36 173
36 175
36 178
36 182
36 183
36 184
36 186
36 187
36 190
36 192
36 194
36 197
37 40
37 42
37 43
37 45
37 46
37 48
37 50
37 52
37 53
37 55
37 60
37 61
37 62
37 63
37 69
37 70
37 71
37 72
37 73
37 74
37 76
37 77
37 79
37 81
37 82
37 83
37 86
37 92
37 94
37 95
37 99
37 102
37 105
37 106
37 107
37 108
37 109
37 110
37 111
37 113
37 114
37 115
37 116
37 117
37 118
37 119
37 120
37 121
37 122
37 124
37 125
37 127
37 128
37 129
37 131
37 133
37 134
37 135
37 136
37 137
37 138
37 140
37 141
37 142
37 143
37 144
37 145
37 146
37 147
37 150
37 151
37 153
37 156
37 158
37 159
37 162
37 165
37 167
37 168
37 171
37 174
37 176
37 178
37 179
37 181
37 185
37 187
37 191
37 192
37 194
37 195
37 196
38 42
38 43
38 44
38 45
38 46
38 49
38 50
38 51
38 53
38 55
38 56
38 57
38 58
38 60
38 62
38 63
38 66
38 71
38 73
38 76
38 77
38 78
38 79
38 80
38 81
38 82
38 83
38 84
38 86
38 88
38 90
38 91
38 92
38 94
38 95
38 97
38 98
38 99
38 101
38 102
38 103
38 104
38 108
38 110
38 111
38 115
38 116
38 118
38 121
38 131
38 136
38 140
38 143
38 148
38 149
38 151
38 153
38 158
38 161
38 162
38 163
38 164
38 171
38 173
38 174
38 175
38 178
38 180
38 181
38 183
38 184
38 185
38 187
38 188
38 190
38 191
38 192
38 194
38 196
38 199
39 40
39 41
39 42
39 45
39 46
39 47
39 48
39 49
39 50
39 51
39 52
39 53
39 54
39 57
39 58
39 60
39 70
39 71
39 73
39 74
39 76
39 78
39 80
39 81
39 83
39 85
39 86
39 87
39 88
39 89
39 91
39 94
39 95
39 96
39 100
39 101
39 105
39 109
39 114
39 118
39 121
39 124
39 125
39 127
39 131
39 133
39 134
39 135
39 136
39 137
39 140
39 141
39 142
39 143
39 145
39 147
39 148
39 149
39 151
39 152
39 155
39 158
39 159
39 160
39 162
39 164
39 165
39 170
39 173
39 174
39 175
39 176
39 179
39 180
39 181
39 182
39 186
39 188
39 192
39 196
39 199
40 41
40 42
40 43
40 44
40 46
40 49
40 50
40 51
40 52
40 53
40 54
40 57
40 60
40 62
40 63
40 64
40 67
40 71
40 72
40 77
40 79
40 81
40 82
40 83
40 84
40 85
40 89
40 90
40 91
40 93
40 94
40 99
40 100
40 102
40 104
40 106
40 107
40 108
40 109
40 111
40 112
40 113
40 114
40 117
40 121
40 122
40 124
40 126
40 130
40 132
40 133
40 137
40 139
40 142
40 143
40 145
40 146
40 148
40 151
40 154
40 155
40 156
40 157
40 158
40 159
40 163
40 165
40 166
40 167
40 168
40 172
40 174
40 175
40 176
40 177
40 181
40 187
40 189
40 191
40 193
40 194
40 195
40 196
40 198
41 42
41 45
41 49
41 50
41 52
41 53
41 54
41 55
41 58
41 59
41 60
41 62
41 63
41 64
41 65
41 67
41 68
41 70
41 73
41 75
41 77
41 78
41 79
41 82
41 83
41 84
41 85
41 86
41 90
41 92
41 94
41 97
41 98
41 99
41 101
41 102
41 105
41 107
41 108
41 110
41 114
41 115
41 117
41 119
41 122
41 125
41 129
41 130
41 132
41 134
41 135
41 136
41 137
41 138
41 140
41 143
41 145
41 147
41 152
41 153
41 155
41 156
41 160
41 167
41 169
41 172
41 175
41 178
41 181
41 182
41 183
41 185
41 186
41 188
41 192
42 44
42 49
42 52
42 55
42 56
42 58
42 61
42 62
42 63
42 65
42 69
42 70
42 71
42 72
42 73
42 78
42 79
42 83
42 84
42 86
42 88
42 89
42 90
42 92
42 93
42 96
42 99
42 100
42 101
42 105
42 106
42 107
42 109
42 110
42 111
42 113
42 115
42 119
42 120
42 122
42 123
42 124
42 125
42 128
42 129
42 132
42 134
42 136
42 137
42 139
42 140
42 142
42 143
42 146
42 149
42 152
42 156
42 158
42 159
42 160
42 161
42 162
42 167
42 170
42 172
42 173
42 174
42 177
42 180
42 181
42 182
42 183
42 184
42 188
42 189
42 191
42 192
42 193
42 195
42 198
43 45
43 49
43 51
43 52
43 53
43 55
43 56
43 57
43 60
43 61
43 63
43 65
43 68
43 69
43 70
43 73
43 75
43 77
43 78
43 79
43 81
43 83
43 85
43 87
43 89
43 90
43 92
43 93
43 94
43 98
43 100
43 102
43 104
43 106
43 107
43 108
43 109
43 112
43 113
43 114
43 117
43 118
43 119
43 122
43 125
43 128
43 129
43 131
43 134
43 135
43 139
43 140
43 141
43 142
43 145
43 146
43 149
43 150
43 151
43 154
43 155
43 156
43 158
43 161
43 163
43 164
43 165
43 166
43 167
43 168
43 170
43 172
43 173
43 175
43 177
43 178
43 179
43 180
43 181
43 183
43 187
43 190
43 192
43 193
43 195
43 197
43 199
44 46
44 52
44 54
44 55
44 56
44 58
44 59
44 64
44 65
44 66
44 69
44 70
44 74
44 75
44 77
44 78
44 79
44 80
44 83
44 84
44 85
44 86
44 87
44 91
44 93
44 94
44 100
44 102
44 103
44 105
44 108
44 114
44 115
44 117
44 118
44 120
44 121
44 123
44 124
44 126
44 127
44 131
44 132
44 140
44 143
44 144
44 146
44 149
44 150
44 152
44 153
44 157
44 159
44 160
44 164
44 167
44 168
44 169
44 170
44 172
44 177
44 178
44 179
44 180
44 185
44 186
44 187
44 188
44 190
44 192
44 194
44 195
44 197
45 49
45 50
45 52
45 54
45 55
45 56
45 58
45 61
45 62
45 63
45 64
45 65
45 68
45 69
45 70
45 71
45 72
45 74
45 75
45 76
45 77
45 78
45 79
45 80
45 81
45 82
45 84
45 87
45 90
45 91
45 92
45 93
45 96
45 97
45 106
45 108
45 109
45 112
45 114
45 116
45 117
45 119
45 120
45 122
45 123
45 124
45 126
45 128
45 130
45 133
45 137
45 138
45 139
45 141
45 142
45 144
45 147
45 151
45 153
45 154
45 156
45 157
45 158
45 160
45 162
45 163
45 164
45 165
45 166
45 167
45 168
45 171
45 172
45 173
45 174
45 175
45 176
45 177
45 179
45 180
45 181
45 183
45 184
45 188
45 191
45 192
45 193
45 194
45 197
45 198
45 199
46 48
46 51
46 54
46 58
46 59
46 61
46 62
46 64
46 65
46 66
46 68
46 72
46 73
46 74
46 78
46 80
46 81
46 83
46 85
46 90
46 91
46 92
46 95
46 96
46 97
46 98
46 100
46 101
46 103
46 105
46 107
46 109
46 114
46 119
46 120
46 121
46 123
46 126
46 127
46 129
46 135
46 136
46 137
46 139
46 141
46 142
46 143
46 146
46 147
46 148
46 149
46 150
46 151
46 152
46 153
46 158
46 159
46 160
46 165
46 168
46 169
46 170
46 172
46 175
46 176
46 181
46 182
46 183
46 184
46 186
46 188
46 191
46 195
46 199
47 49
47 51
47 52
47 53
47 55
47 56
47 57
47 58
47 60
47 61
47 63
47 64
47 66
47 68
47 70
47 71
47 72
47 73
47 76
47 78
47 79
47 80
47 84
47 89
47 92
47 97
47 98
47 99
47 100
47 101
47 102
47 103
47 104
47 105
47 110
47 111
47 112
47 118
47 119
47 124
47 126
47 129
47 131
47 133
47 136
47 137
47 138
47 139
47 140
47 144
47 145
47 147
47 149
47 151
47 152
47 153
47 156
47 158
47 160
47 162
47 165
47 166
47 167
47 169
47 171
47 174
47 181
47 185
47 188
47 190
47 192
47 195
47 196
47 198
47 199
48 50
48 52
48 53
48 54
48 55
48 56
48 58
48 59
48 63
48 71
48 72
48 74
48 77
48 81
48 82
48 84
48 87
48 89
48 91
48 92
48 93
48 96
48 101
48 102
48 107
48 111
48 113
48 117
48 119
48 122
48 125
48 132
48 136
48 140
48 141
48 142
48 143
48 144
48 146
48 148
48 149
48 152
48 153
48 155
48 157
48 166
48 167
48 168
48 170
48 171
48 172
48 173
48 174
48 175
48 179
48 181
48 185
48 186
48 190
48 191
48 194
48 195
48 196
48 197
48 198
48 199
49 51
49 52
49 53
49 55
49 56
49 57
49 60
49 62
49 63
49 64
49 65
49 66
49 67
49 68
49 69
49 72
49 76
49 77
49 78
49 79
49 80
49 81
49 82
49 85
49 88
49 91
49 92
49 93
49 94
49 95
49 96
49 99
49 101
49 102
49 104
49 105
49 106
49 107
49 111
49 113
49 116
49 117
49 119
49 120
49 121
49 124
49 125
49 126
49 127
49 129
49 130
49 131
49 132
49 134
49 135
49 137
49 139
49 140
49 141
49 143
49 146
49 148
49 149
49 155
49 156
49 157
49 158
49 160
49 161
49 163
49 164
49 165
49 167
49 168
49 169
49 175
49 176
49 178
49 180
49 181
49 184
49 186
49 190
49 195
49 196
49 199
50 53
50 57
50 58
50 64
50 66
50 68
50 71
50 72
50 74
50 76
50 84
50 90
50 93
50 94
50 96
50 100
50 102
50 104
50 108
50 109
50 111
50 113
50 116
50 117
50 118
50 120
50 124
50 126
50 127
50 130
50 133
50 134
50 135
50 137
50 138
50 139
50 141
50 142
50 146
50 148
50 151
50 152
50 153
50 155
50 156
50 158
50 159
50 162
50 168
50 170
50 171
50 172
50 173
50 174
50 175
50 176
50 179
50 181
50 186
50 187
50 190
50 192
50 194
50 199
51 52
51 53
51 54
51 56
51 57
51 60
51 61
51 62
51 69
51 75
51 79
51 80
51 81
51 83
51 86
51 89
51 90
51 92
51 94
51 95
51 99
51 100
51 102
51 103
51 104
51 106
51 108
51 109
51 110
51 111
51 113
51 116
51 117
51 118
51 120
51 124
51 127
51 130
51 133
51 134
51 135
51 136
51 137
51 139
51 140
51 147
51 151
51 154
51 155
51 156
51 160
51 165
51 167
51 172
51 175
51 176
51 177
51 180
51 181
51 182
51 184
51 185
51 187
51 190
51 191
51 195
51 197
52 53
52 58
52 59
52 60
52 63
52 64
52 65
52 66
52 67
52 70
52 72
52 76
52 78
52 80
52 82
52 83
52 84
52 85
52 86
52 87
52 89
52 95
52 96
52 98
52 101
52 102
52 103
52 104
52 105
52 108
52 109
52 110
52 111
52 112
52 113
52 118
52 119
52 120
52 121
52 123
52 125
52 128
52 130
52 131
52 137
52 142
52 143
52 145
52 146
52 149
52 151
52 153
52 154
52 155
52 158
52 163
52 164
52 166
52 167
52 170
52 172
52 173
52 175
52 176
52 178
52 179
52 180
52 182
52 183
52 185
52 186
52 189
52 192
52 194
52 196
53 54
53 55
53 56
53 57
53 61
53 64
53 65
53 66
53 67
53 69
53 73
53 75
53 76
53 79
53 80
53 81
53 82
53 83
53 85
53 88
53 89
53 91
53 94
53 95
53 96
53 98
53 99
53 100
53 101
53 107
53 110
53 112
53 113
53 117
53 119
53 120
53 123
53 124
53 125
53 128
53 130
53 132
53 136
53 137
53 140
53 142
53 143
53 145
53 148
53 150
53 154
53 155
53 156
53 157
53 160
53 162
53 163
53 164
53 166
53 168
53 170
53 171
53 173
53 176
53 177
53 178
53 180
53 182
53 183
53 184
53 185
53 187
53 188
53 192
53 193
53 194
53 199
54 55
54 57
54 58
54 59
54 61
54 67
54 68
54 69
54 70
54 71
54 75
54 76
54 77
54 78
54 79
54 80
54 81
54 83
54 84
54 85
54 87
54 88
54 89
54 90
54 91
54 94
54 96
54 102
54 103
54 104
54 106
54 107
54 110
54 111
54 112
54 115
54 117
54 119
54 120
54 121
54 122
54 123
54 124
54 126
54 128
54 134
54 135
54 137
54 138
54 141
54 142
54 143
54 144
54 148
54 149
54 150
54 154
54 155
54 156
54 158
54 159
54 161
54 162
54 166
54 168
54 169
54 171
54 173
54 174
54 175
54 176
54 179
54 184
54 190
54 192
54 193
54 194
54 195
54 196
54 199
55 56
55 58
55 59
55 65
55 66
55 68
55 69
55 70
55 71
55 72
55 78
55 79
55 80
55 82
55 83
55 86
55 90
55 95
55 104
55 105
55 106
55 108
55 111
55 116
55 118
55 119
55 124
55 125
55 128
55 131
55 133
55 136
55 139
55 142
55 143
55 144
55 147
55 150
55 152
55 154
55 155
55 156
55 157
55 158
55 159
55 164
55 165
55 167
55 168
55 169
55 171
55 172
55 174
55 175
55 176
55 182
55 184
55 189
55 191
55 195
55 196
55 198
56 59
56 60
56 64
56 65
56 66
56 67
56 68
56 69
56 72
56 73
56 74
56 75
56 77
56 79
56 83
56 84
56 86
56 87
56 88
56 92
56 96
56 99
56 105
56 108
56 112
56 114
56 115
56 116
56 120
56 121
56 122
56 125
56 126
56 128
56 129
56 131
56 136
56 140
56 141
56 142
56 149
56 153
56 154
56 158
56 159
56 163
56 165
56 166
56 168
56 169
56 171
56 172
56 173
56 174
56 176
56 177
56 178
56 180
56 181
56 182
56 190
56 197
57 58
57 59
57 60
57 65
57 66
57 68
57 70
57 71
57 76
57 80
57 81
57 82
57 86
57 89
57 91
57 93
57 94
57 95
57 100
57 103
57 106
57 108
57 110
57 111
57 113
57 115
57 116
57 117
57 120
57 121
57 124
57 126
57 129
57 130
57 132
57 135
57 136
57 137
57 140
57 142
57 145
57 147
57 148
57 149
57 152
57 153
57 154
57 155
57 158
57 160
57 162
57 164
57 165
57 167
57 168
57 169
57 172
57 177
57 178
57 179
57 181
57 182
57 183
57 184
57 185
57 186
57 187
57 188
57 190
57 193
57 197
57 199
58 59
58 60
58 61
58 67
58 68
58 72
58 73
58 74
58 76
58 79
58 84
58 85
58 86
58 87
58 90
58 92
58 93
58 94
58 96
58 98
58 100
58 101
58 104
58 107
58 109
58 113
58 114
58 116
58 118
58 119
58 121
58 126
58 128
58 129
58 130
58 132
58 133
58 134
58 136
58 137
58 138
58 140
58 141
58 142
58 143
58 145
58 146
58 147
58 150
58 152
58 153
58 154
58 160
58 161
58 165
58 166
58 167
58 169
58 170
58 171
58 173
58 174
58 176
58 179
58 181
58 184
58 185
58 187
58 189
58 192
58 194
58 195
58 196
58 197
58 199
59 60
59 62
59 64
59 65
59 66
59 68
59 69
59 71
59 74
59 75
59 77
59 79
59 80
59 81
59 82
59 84
59 86
59 89
59 90
59 91
59 94
59 95
59 96
59 97
59 98
59 100
59 102
59 105
59 107
59 108
59 109
59 111
59 113
59 114
59 116
59 117
59 118
59 121
59 122
59 123
59 124
59 125
59 129
59 131
59 132
59 133
59 134
59 136
59 138
59 139
59 141
59 143
59 144
59 147
59 148
59 151
59 152
59 153
59 155
59 157
59 158
59 160
59 162
59 165
59 166
59 167
59 168
59 169
59 172
59 173
59 174
59 176
59 178
59 179
59 180
59 182
59 183
59 185
59 192
59 195
59 196
59 197
59 198
59 199
60 62
60 63
60 65
60 66
60 67
60 69
60 70
60 74
60 75
60 76
60 78
60 81
60 82
60 83
60 85
60 87
60 89
60 90
60 91
60 94
60 95
60 97
60 98
60 99
60 100
60 101
60 103
60 105
60 107
60 111
60 113
60 118
60 119
60 120
60 125
60 127
60 128
60 130
60 131
60 133
60 136
60 137
60 138
60 141
60 142
60 143
60 144
60 145
60 146
60 148
60 149
60 150
60 151
60 152
60 155
60 156
60 159
60 160
60 161
60 162
60 163
60 164
60 166
60 168
60 169
60 170
60 175
60 176
60 178
60 180
60 181
60 182
60 183
60 185
60 186
60 187
60 193
60 194
61 62
61 65
61 67
61 73
61 75
61 77
61 79
61 82
61 83
61 84
61 87
61 88
61 91
61 92
61 96
61 97
61 98
61 99
61 101
61 102
61 103
61 104
61 107
61 108
61 110
61 112
61 114
61 120
61 122
61 123
61 127
61 128
61 129
61 132
61 133
61 138
61 140
61 141
61 146
61 150
61 153
61 154
61 155
61 157
61 159
61 161
61 162
61 164
61 166
61 171
61 176
61 179
61 180
61 182
61 184
61 185
61 189
61 191
61 195
61 196
62 63
62 64
62 68
62 70
62 71
62 72
62 75
62 76
62 77
62 78
62 79
62 80
62 86
62 88
62 91
62 94
62 96
62 97
62 100
62 102
62 103
62 104
62 105
62 108
62 109
62 110
62 111
62 112
62 113
62 114
62 116
62 117
62 119
62 124
62 125
62 127
62 128
62 129
62 134
62 135
62 136
62 137
62 140
62 141
62 142
62 147
62 148
62 152
62 153
62 154
62 155
62 157
62 161
62 162
62 163
62 164
62 165
62 167
62 168
62 169
62 171
62 175
62 177
62 179
62 180
62 185
62 186
62 188
62 189
62 191
62 193
62 194
62 196
62 197
62 199
63 65
63 69
63 70
63 71
63 72
63 78
63 80
63 84
63 87
63 90
63 91
63 92
63 93
63 95
63 98
63 99
63 101
63 104
63 105
63 106
63 107
63 109
63 111
63 112
63 113
63 116
63 117
63 118
63 119
63 122
63 123
63 126
63 130
63 132
63 134
63 136
63 140
63 141
63 143
63 145
63 148
63 149
63 151
63 152
63 153
63 155
63 159
63 160
63 161
63 162
63 166
63 169
63 170
63 171
63 176
63 178
63 180
63 183
63 184
63 187
63 189
63 190
63 191
63 192
63 193
63 195
63 198
63 199
64 65
64 66
64 67
64 68
64 69
64 72
64 74
64 76
64 78
64 82
64 84
64 85
64 86
64 87
64 91
64 93
64 97
64 99
64 101
64 102
64 108
64 109
64 110
64 112
64 113
64 117
64 120
64 123
64 125
64 128
64 132
64 134
64 135
64 136
64 138
64 139
64 140
64 141
64 144
64 145
64 149
64 153
64 155
64 156
64 158
64 159
64 163
64 165
64 167
64 171
64 172
64 174
64 175
64 177
64 181
64 184
64 186
64 188
64 189
64 190
64 191
64 192
64 193
64 194
64 195
64 198
65 67
65 70
65 71
65 72
65 73
65 74
65 76
65 77
65 80
65 81
65 83
65 84
65 85
65 93
65 94
65 99
65 100
65 105
65 110
65 112
65 113
65 116
65 117
65 118
65 120
65 121
65 124
65 129
65 131
65 135
65 138
65 139
65 140
65 141
65 142
65 145
65 150
65 152
65 154
65 157
65 158
65 161
65 165
65 166
65 167
65 168
65 169
65 170
65 176
65 177
65 178
65 180
65 182
65 184
65 185
65 187
65 189
65 192
65 195
66 69
66 70
66 73
66 74
66 76
66 77
66 78
66 80
66 81
66 84
66 86
66 89
66 90
66 91
66 94
66 95
66 99
66 101
66 102
66 103
66 105
66 106
66 107
66 108
66 109
66 110
66 112
66 114
66 117
66 118
66 123
66 124
66 125
66 127
66 131
66 134
66 135
66 137
66 138
66 139
66 142
66 143
66 144
66 148
66 149
66 150
66 154
66 161
66 169
66 170
66 172
66 173
66 174
66 175
66 176
66 177
66 178
66 179
66 183
66 185
66 186
66 189
66 191
66 192
66 198
66 199
67 72
67 73
67 75
67 78
67 79
67 80
67 81
67 86
67 87
67 88
67 89
67 90
67 92
67 93
67 96
67 99
67 101
67 104
67 107
67 113
67 114
67 115
67 116
67 120
67 121
67 122
67 124
67 125
67 127
67 128
67 129
67 130
67 131
67 133
67 136
67 137
67 142
67 144
67 145
67 153
67 154
67 158
67 159
67 161
67 164
67 165
67 166
67 168
67 171
67 174
67 175
67 176
67 177
67 182
67 183
67 184
67 192
67 193
67 194
67 195
67 197
68 69
68 72
68 77
68 80
68 81
68 84
68 85
68 88
68 89
68 90
68 91
68 92
68 94
68 96
68 97
68 99
68 100
68 101
68 102
68 103
68 107
68 110
68 113
68 119
68 121
68 122
68 123
68 127
68 128
68 132
68 133
68 134
68 139
68 140
68 141
68 142
68 145
68 146
68 150
68 151
68 152
68 153
68 154
68 155
68 157
68 166
68 167
68 170
68 171
68 172
68 173
68 176
68 178
68 179
68 180
68 181
68 183
68 185
68 186
68 187
68 188
68 191
68 192
68 194
68 196
68 198
68 199
69 70
69 71
69 77
69 78
69 83
69 84
69 85
69 87
69 90
69 91
69 94
69 95
69 96
69 98
69 100
69 102
69 105
69 106
69 107
69 110
69 111
69 115
69 116
69 117
69 118
69 119
69 121
69 123
69 125
69 126
69 128
69 129
69 135
69 136
69 137
69 139
69 141
69 142
69 147
69 148
69 150
69 158
69 160
69 164
69 166
69 167
69 169
69 171
69 172
69 173
69 175
69 177
69 178
69 179
69 182
69 185
69 191
69 193
69 195
69 196
69 197
70 75
70 76
70 80
70 81
70 83
70 88
70 89
70 90
70 91
70 93
70 97
70 98
70 101
70 102
70 105
70 107
70 108
70 109
70 110
70 111
70 112
70 116
70 118
70 121
70 122
70 123
70 124
70 129
70 130
70 133
70 134
70 135
70 138
70 140
70 141
70 142
70 145
70 146
70 147
70 148
70 149
70 151
70 152
70 153
70 155
70 157
70 158
70 160
70 161
70 162
70 164
70 168
70 172
70 173
70 174
70 176
70 177
70 180
70 183
70 184
70 190
70 191
70 192
70 193
70 197
71 72
71 73
71 74
71 77
71 78
71 79
71 80
71 82
71 83
71 84
71 86
71 91
71 93
71 94
71 95
71 96
71 97
71 99
71 100
71 101
71 103
71 104
71 107
71 109
71 110
71 113
71 114
71 115
71 119
71 120
71 122
71 123
71 126
71 129
71 130
71 131
71 132
71 134
71 135
71 137
71 138
71 142
71 144
71 145
71 146
71 148
71 149
71 152
71 154
71 160
71 161
71 164
71 165
71 166
71 169
71 172
71 175
71 176
71 179
71 182
71 183
71 185
71 187
71 193
71 194
71 197
71 198
72 73
72 74
72 75
72 76
72 77
72 79
72 81
72 82
72 83
72 85
72 86
72 87
72 89
72 90
72 91
72 92
72 95
72 96
72 97
72 98
72 101
72 106
72 108
72 109
72 110
72 113
72 117
72 118
72 121
72 123
72 126
72 128
72 129
72 130
72 131
72 132
72 133
72 134
72 140
72 141
72 142
72 143
72 144
72 146
72 148
72 149
72 152
72 153
72 154
72 158
72 160
72 165
72 166
72 169
72 170
72 172
72 173
72 185
72 188
72 189
72 190
72 191
72 192
72 193
72 194
72 195
72 198
72 199
73 74
73 75
73 78
73 80
73 81
73 95
73 100
73 101
73 102
73 103
73 107
73 108
73 109
73 110
73 112
73 113
73 114
73 115
73 116
73 117
73 118
73 120
73 121
73 122
73 123
73 124
73 125
73 128
73 129
73 132
73 134
73 135
73 136
73 138
73 141
73 143
73 150
73 152
73 156
73 157
73 158
73 160
73 163
73 165
73 166
73 168
73 169
73 170
73 171
73 172
73 175
73 176
73 177
73 178
73 181
73 184
73 186
73 187
73 188
73 189
73 190
73 193
73 194
73 195
73 196
73 197
74 75
74 78
74 87
74 88
74 89
74 93
74 94
74 95
74 98
74 100
74 102
74 111
74 113
74 115
74 117
74 118
74 119
74 120
74 122
74 124
74 127
74 128
74 131
74 133
74 136
74 137
74 141
74 142
74 143
74 144
74 146
74 147
74 151
74 152
74 155
74 156
74 158
74 159
74 161
74 164
74 165
74 169
74 170
74 173
74 176
74 180
74 181
74 182
74 183
74 186
74 188
74 190
74 192
74 198
74 199
75 76
75 77
75 78
75 79
75 85
75 90
75 91
75 92
75 95
75 102
75 103
75 104
75 105
75 106
75 107
75 110
75 111
75 113
75 114
75 117
75 122
75 123
75 131
75 135
75 136
75 137
75 139
75 142
75 145
75 147
75 148
75 149
75 150
75 154
75 155
75 156
75 165
75 167
75 169
75 170
75 172
75 178
75 184
75 185
75 186
75 188
75 191
75 192
75 194
75 198
75 199
76 79
76 80
76 83
76 85
76 86
76 87
76 89
76 93
76 97
76 99
76 100
76 102
76 104
76 105
76 107
76 110
76 112
76 114
76 117
76 119
76 120
76 121
76 123
76 124
76 125
76 126
76 127
76 129
76 135
76 137
76 138
76 139
76 140
76 142
76 143
76 144
76 145
76 146
76 149
76 150
76 151
76 152
76 153
76 155
76 157
76 161
76 162
76 163
76 165
76 166
76 168
76 169
76 173
76 175
76 179
76 182
76 183
76 185
76 186
76 189
76 190
76 191
76 195
77 78
77 83
77 89
77 90
77 91
77 92
77 94
77 95
77 96
77 97
77 99
77 100
77 106
77 108
77 110
77 111
77 112
77 115
77 116
77 118
77 122
77 123
77 127
77 130
77 132
77 133
77 134
77 135
77 136
77 137
77 138
77 140
77 143
77 144
77 148
77 149
77 150
77 152
77 154
77 155
77 158
77 162
77 163
77 166
77 169
77 170
77 171
77 173
77 175
77 176
77 180
77 184
77 185
77 187
77 188
77 190
77 193
77 195
77 196
77 198
78 79
78 80
78 81
78 84
78 86
78 87
78 90
78 94
78 97
78 99
78 101
78 106
78 109
78 112
78 113
78 115
78 117
78 118
78 120
78 121
78 124
78 127
78 129
78 133
78 134
78 135
78 138
78 139
78 140
78 141
78 143
78 146
78 148
78 154
78 156
78 157
78 158
78 159
78 161
78 162
78 170
78 171
78 173
78 179
78 182
78 185
78 186
78 187
78 192
78 194
78 195
78 196
78 198
79 82
79 86
79 87
79 88
79 89
79 90
79 91
79 94
79 96
79 102
79 103
79 104
79 107
79 108
79 111
79 112
79 116
79 119
79 120
79 122
79 125
79 126
79 128
79 131
79 133
79 136
79 139
79 142
79 143
79 146
79 147
79 150
79 151
79 152
79 153
79 154
79 155
79 158
79 159
79 161
79 164
79 165
79 166
79 167
79 168
79 172
79 173
79 174
79 176
79 178
79 181
79 186
79 187
79 189
79 192
79 195
79 197
79 198
80 85
80 86
80 87
80 88
80 89
80 91
80 92
80 95
80 96
80 97
80 99
80 102
80 105
80 107
80 110
80 114
80 116
80 117
80 118
80 119
80 122
80 123
80 125
80 126
80 128
80 129
80 130
80 132
80 135
80 139
80 141
80 142
80 143
80 147
80 148
80 149
80 151
80 154
80 155
80 156
80 157
80 159
80 163
80 169
80 170
80 171
80 173
80 174
80 176
80 177
80 179
80 181
80 184
80 187
80 188
80 189
80 193
80 194
80 195
80 196
80 197
80 198
81 85
81 86
81 87
81 88
81 90
81 93
81 94
81 96
81 98
81 100
81 101
81 102
81 103
81 105
81 106
81 107
81 109
81 110
81 112
81 116
81 121
81 122
81 123
81 125
81 128
81 129
81 130
81 131
81 132
81 133
81 134
81 135
81 138
81 145
81 146
81 148
81 149
81 152
81 153
81 160
81 161
81 162
81 163
81 164
81 165
81 167
81 170
81 171
81 173
81 175
81 179
81 180
81 182
81 183
81 184
81 185
81 188
81 189
81 191
81 194
81 195
81 197
82 84
82 86
82 92
82 93
82 95
82 99
82 100
82 104
82 106
82 107
82 111
82 112
82 113
82 114
82 115
82 116
82 117
82 118
82 122
82 123
82 125
82 130
82 134
82 135
82 136
82 141
82 142
82 143
82 144
82 145
82 146
82 147
82 148
82 149
82 150
82 151
82 153
82 154
82 158
82 160
82 162
82 164
82 165
82 168
82 169
82 171
82 173
82 174
82 175
82 179
82 180
82 184
82 185
82 188
82 189
82 190
82 193
82 197
83 85
83 87
83 90
83 92
83 93
83 95
83 96
83 99
83 101
83 102
83 103
83 109
83 116
83 118
83 123
83 129
83 131
83 132
83 134
83 136
83 137
83 138
83 139
83 141
83 144
83 149
83 151
83 153
83 156
83 159
83 160
83 161
83 165
83 166
83 169
83 171
83 172
83 173
83 177
83 178
83 179
83 180
83 181
83 183
83 185
83 186
83 187
83 188
83 190
83 193
83 198
84 85
84 92
84 95
84 96
84 97
84 98
84 99
84 101
84 103
84 107
84 108
84 111
84 112
84 113
84 114
84 115
84 116
84 123
84 127
84 128
84 129
84 130
84 133
84 136
84 138
84 141
84 144
84 145
84 147
84 149
84 150
84 152
84 156
84 158
84 159
84 160
84 162
84 165
84 166
84 168
84 169
84 170
84 173
84 174
84 178
84 179
84 180
84 182
84 183
84 184
84 185
84 189
84 191
84 194
84 198
85 86
85 88
85 89
85 91
85 92
85 93
85 95
85 98
85 100
85 102
85 107
85 109
85 111
85 112
85 113
85 117
85 118
85 119
85 122
85 126
85 127
85 129
85 130
85 131
85 132
85 133
85 134
85 135
85 136
85 137
85 139
85 142
85 144
85 145
85 149
85 151
85 152
85 153
85 155
85 158
85 161
85 162
85 163
85 165
85 170
85 171
85 173
85 174
85 175
85 178
85 179
85 180
85 182
85 185
85 187
85 188
85 189
85 190
85 193
85 194
85 197
85 199
86 87
86 88
86 89
86 91
86 94
86 95
86 101
86 108
86 110
86 112
86 113
86 118
86 119
86 120
86 122
86 124
86 125
86 128
86 129
86 131
86 132
86 134
86 135
86 136
86 138
86 140
86 141
86 155
86 164
86 166
86 170
86 171
86 172
86 175
86 176
86 179
86 181
86 182
86 183
86 184
86 185
86 186
86 188
86 192
86 193
86 197
86 198
87 88
87 89
87 91
87 93
87 94
87 96
87 98
87 102
87 104
87 105
87 109
87 110
87 112
87 113
87 115
87 116
87 117
87 118
87 121
87 123
87 124
87 127
87 128
87 130
87 131
87 134
87 135
87 138
87 140
87 141
87 144
87 145
87 147
87 148
87 150
87 151
87 152
87 153
87 157
87 158
87 166
87 167
87 173
87 174
87 178
87 185
87 186
87 191
87 193
87 194
87 195
87 197
87 198
88 90
88 91
88 94
88 95
88 98
88 99
88 100
88 102
88 105
88 106
88 110
88 111
88 112
88 114
88 118
88 119
88 121
88 122
88 124
88 125
88 128
88 130
88 131
88 134
88 139
88 142
88 143
88 145
88 146
88 147
88 152
88 153
88 154
88 156
88 159
88 161
88 162
88 163
88 165
88 166
88 167
88 168
88 169
88 170
88 171
88 172
88 173
88 175
88 179
88 180
88 182
88 183
88 186
88 187
88 188
88 189
88 191
88 192
88 193
88 195
89 92
89 93
89 96
89 97
89 99
89 101
89 103
89 107
89 108
89 114
89 116
89 119
89 120
89 121
89 122
89 124
89 125
89 126
89 127
89 128
89 129
89 130
89 132
89 136
89 138
89 139
89 140
89 143
89 145
89 147
89 148
89 149
89 150
89 155
89 156
89 159
89 161
89 162
89 163
89 164
89 166
89 168
89 169
89 171
89 173
89 174
89 175
89 176
89 177
89 179
89 180
89 185
89 187
89 189
89 190
89 191
89 195
89 198
89 199
90 92
90 93
90 94
90 96
90 99
90 103
90 104
90 107
90 108
90 111
90 113
90 115
90 120
90 121
90 122
90 123
90 125
90 126
90 128
90 134
90 135
90 137
90 138
90 141
90 142
90 143
90 144
90 145
90 146
90 148
90 151
90 152
90 153
90 155
90 156
90 157
90 162
90 165
90 166
90 167
90 169
90 171
90 176
90 178
90 179
90 182
90 183
90 184
90 185
90 186
90 187
90 190
90 191
90 192
90 193
90 194
90 196
91 93
91 97
91 101
91 103
91 104
91 106
91 109
91 112
91 113
91 115
91 116
91 117
91 119
91 122
91 126
91 128
91 129
91 130
91 131
91 132
91 135
91 138
91 139
91 142
91 144
91 145
91 146
91 147
91 149
91 152
91 154
91 160
91 164
91 166
91 168
91 170
91 172
91 173
91 174
91 175
91 176
91 177
91 179
91 180
91 183
91 196
91 198
92 93
92 95
92 96
92 97
92 103
92 105
92 107
92 110
92 111
92 113
92 116
92 118
92 120
92 122
92 127
92 129
92 134
92 136
92 138
92 139
92 140
92 141
92 144
92 145
92 146
92 150
92 151
92 152
92 153
92 154
92 155
92 156
92 158
92 160
92 161
92 162
92 163
92 165
92 166
92 169
92 173
92 174
92 176
92 177
92 179
92 182
92 183
92 186
92 187
92 190
92 191
92 192
92 194
92 198
92 199
93 95
93 98
93 99
93 100
93 101
93 103
93 104
93 105
93 106
93 110
93 112
93 114
93 116
93 117
93 118
93 123
93 125
93 128
93 132
93 133
93 134
93 135
93 139
93 141
93 143
93 146
93 147
93 148
93 149
93 153
93 154
93 156
93 159
93 163
93 164
93 165
93 166
93 168
93 170
93 172
93 176
93 180
93 181
93 182
93 184
93 185
93 186
93 193
93 195
93 199
94 95
94 98
94 99
94 102
94 103
94 104
94 106
94 109
94 110
94 111
94 114
94 115
94 120
94 121
94 128
94 132
94 134
94 137
94 138
94 141
94 142
94 145
94 147
94 148
94 150
94 154
94 155
94 156
94 158
94 160
94 161
94 163
94 164
94 165
94 169
94 171
94 172
94 173
94 174
94 176
94 178
94 184
94 188
94 189
94 192
94 195
94 197
94 198
94 199
95 97
95 99
95 101
95 103
95 104
95 107
95 108
95 111
95 112
95 113
95 114
95 116
95 120
95 124
95 126
95 128
95 131
95 134
95 135
95 136
95 139
95 140
95 141
95 145
95 148
95 149
95 150
95 151
95 153
95 155
95 156
95 158
95 159
95 160
95 161
95 164
95 166
95 167
95 173
95 174
95 175
95 177
95 180
95 181
95 183
95 184
95 185
95 187
95 188
95 192
95 195
95 198
95 199
96 97
96 98
96 99
96 100
96 101
96 104
96 105
96 106
96 110
96 111
96 112
96 113
96 115
96 116
96 117
96 119
96 122
96 123
96 126
96 127
96 128
96 130
96 132
96 133
96 136
96 137
96 140
96 141
96 142
96 143
96 144
96 149
96 153
96 154
96 157
96 158
96 160
96 163
96 164
96 167
96 169
96 170
96 172
96 173
96 175
96 180
96 182
96 184
96 185
96 186
96 190
96 191
96 194
96 199
97 98
97 99
97 100
97 102
97 103
97 105
97 108
97 111
97 112
97 115
97 118
97 119
97 120
97 121
97 122
97 124
97 125
97 126
97 127
97 128
97 131
97 133
97 135
97 139
97 140
97 141
97 142
97 143
97 144
97 145
97 146
97 148
97 150
97 151
97 152
97 156
97 157
97 160
97 163
97 164
97 167
97 170
97 173
97 176
97 182
97 184
97 188
97 192
97 195
97 196
97 197
97 198
97 199
98 99
98 100
98 101
98 102
98 103
98 104
98 109
98 110
98 112
98 114
98 115
98 116
98 117
98 118
98 122
98 123
98 124
98 125
98 126
98 127
98 128
98 129
98 130
98 135
98 136
98 139
98 143
98 144
98 147
98 148
98 149
98 153
98 159
98 162
98 164
98 165
98 166
98 167
98 168
98 169
98 170
98 171
98 173
98 174
98 177
98 180
98 181
98 182
98 183
98 187
98 189
98 194
98 198
98 199
99 101
99 106
99 109
99 110
99 111
99 112
99 115
99 121
99 122
99 124
99 125
99 128
99 130
99 131
99 132
99 136
99 137
99 141
99 142
99 143
99 146
99 151
99 152
99 153
99 158
99 160
99 162
99 164
99 166
99 167
99 168
99 170
99 172
99 175
99 176
99 184
99 185
99 186
99 187
99 188
99 189
99 194
99 195
99 197
100 101
100 103
100 104
100 106
100 112
100 113
100 116
100 118
100 120
100 121
100 122
100 123
100 125
100 130
100 131
100 133
100 134
100 136
100 138
100 139
100 141
100 142
100 143
100 144
100 149
100 153
100 155
100 158
100 159
100 163
100 164
100 165
100 166
100 167
100 168
100 169
100 170
100 173
100 174
100 176
100 177
100 184
100 185
100 186
100 188
100 191
100 194
100 195
100 196
101 102
101 104
101 106
101 107
101 109
101 112
101 113
101 117
101 121
101 122
101 124
101 126
101 128
101 129
101 130
101 131
101 132
101 134
101 135
101 137
101 139
101 141
101 143
101 145
101 146
101 147
101 149
101 150
101 152
101 153
101 158
101 160
101 164
101 166
101 170
101 171
101 172
101 173
101 175
101 177
101 179
101 180
101 182
101 187
101 188
101 189
101 191
101 193
101 195
101 196
101 197
101 199
102 110
102 112
102 113
102 115
102 116
102 117
102 125
102 127
102 128
102 129
102 130
102 132
102 133
102 134
102 138
102 144
102 145
102 151
102 152
102 153
102 154
102 156
102 158
102 159
102 162
102 165
102 169
102 170
102 171
102 173
102 174
102 180
102 182
102 184
102 191
102 192
102 196
102 197
103 104
103 105
103 109
103 110
103 112
103 113
103 115
103 116
103 117
103 120
103 121
103 124
103 126
103 128
103 129
103 130
103 132
103 133
103 134
103 135
103 137
103 138
103 140
103 142
103 143
103 144
103 147
103 152
103 155
103 158
103 163
103 164
103 167
103 168
103 175
103 178
103 181
103 184
103 185
103 186
103 188
103 192
103 193
103 195
103 196
103 197
103 198
104 108
104 114
104 116
104 120
104 121
104 124
104 125
104 127
104 128
104 130
104 133
104 134
104 135
104 138
104 140
104 141
104 142
104 143
104 144
104 146
104 147
104 148
104 150
104 151
104 156
104 158
104 159
104 164
104 166
104 167
104 168
104 169
104 171
104 174
104 178
104 179
104 180
104 182
104 185
104 187
104 188
104 190
104 191
104 192
104 193
104 196
105 106
105 108
105 113
105 115
105 118
105 119
105 123
105 127
105 128
105 129
105 135
105 136
105 137
105 139
105 141
105 142
105 143
105 145
105 146
105 147
105 149
105 150
105 153
105 158
105 159
105 161
105 162
105 164
105 165
105 172
105 175
105 176
105 179
105 181
105 182
105 184
105 186
105 187
105 188
105 189
105 190
105 191
105 192
105 193
105 194
105 199
106 109
106 110
106 113
106 116
106 118
106 119
106 120
106 121
106 122
106 123
106 124
106 125
106 126
106 131
106 135
106 136
106 138
106 139
106 140
106 142
106 145
106 146
106 147
106 149
106 150
106 153
106 157
106 158
106 160
106 162
106 163
106 167
106 170
106 172
106 173
106 175
106 176
106 178
106 182
106 183
106 186
106 191
106 192
106 193
106 196
106 198
107 109
107 111
107 112
107 113
107 114
107 115
107 117
107 118
107 120
107 122
107 123
107 124
107 126
107 127
107 130
107 131
107 132
107 134
107 136
107 137
107 138
107 140
107 141
107 142
107 145
107 148
107 149
107 152
107 153
107 154
107 162
107 163
107 164
107 170
107 171
107 173
107 176
107 178
107 179
107 182
107 183
107 184
107 185
107 186
107 190
107 193
107 195
107 197
107 198
107 199
108 109
108 110
108 111
108 112
108 114
108 117
108 118
108 127
108 130
108 131
108 132
108 136
108 139
108 143
108 144
108 145
108 147
108 148
108 151
108 152
108 154
108 155
108 161
108 162
108 163
108 165
108 166
108 168
108 169
108 170
108 171
108 173
108 181
108 184
108 186
108 188
108 191
108 193
108 194
108 195
108 197
108 198
108 199
109 110
109 114
109 115
109 117
109 118
109 120
109 122
109 123
109 125
109 126
109 127
109 132
109 133
109 134
109 135
109 141
109 145
109 152
109 153
109 154
109 155
109 156
109 158
109 159
109 160
109 161
109 163
109 165
109 168
109 169
109 170
109 171
109 174
109 181
109 183
109 185
109 186
109 187
109 190
109 193
109 194
109 196
109 199
110 111
110 116
110 117
110 118
110 119
110 120
110 124
110 125
110 127
110 128
110 130
110 133
110 138
110 139
110 140
110 143
110 145
110 150
110 151
110 155
110 156
110 157
110 158
110 161
110 163
110 164
110 171
110 172
110 174
110 176
110 177
110 178
110 180
110 181
110 182
110 184
110 185
110 189
110 191
110 192
110 194
110 196
110 198
110 199
111 113
111 114
111 116
111 117
111 118
111 119
111 121
111 124
111 125
111 132
111 133
111 136
111 137
111 142
111 148
111 151
111 152
111 153
111 154
111 157
111 160
111 161
111 163
111 166
111 169
111 170
111 172
111 173
111 174
111 175
111 178
111 180
111 181
111 182
111 184
111 185
111 189
111 190
111 193
111 196
112 114
112 115
112 118
112 119
112 121
112 125
112 127
112 128
112 129
112 130
112 131
112 132
112 133
112 136
112 138
112 139
112 140
112 142
112 146
112 149
112 151
112 152
112 154
112 156
112 158
112 162
112 163
112 164
112 165
112 166
112 168
112 169
112 170
112 172
112 173
112 175
112 177
112 178
112 181
112 187
112 188
112 189
112 190
112 193
112 194
112 195
112 197
113 114
113 116
113 118
113 120
113 121
113 122
113 123
113 133
113 136
113 138
113 139
113 140
113 141
113 143
113 147
113 148
113 155
113 158
113 159
113 160
113 161
113 164
113 165
113 166
113 168
113 169
113 170
113 171
113 175
113 176
113 177
113 180
113 182
113 183
113 188
113 191
113 192
113 193
113 195
113 198
113 199
114 115
114 116
114 117
114 122
114 126
114 130
114 131
114 132
114 135
114 136
114 137
114 139
114 140
114 145
114 148
114 150
114 151
114 155
114 156
114 157
114 159
114 160
114 162
114 163
114 167
114 168
114 169
114 170
114 171
114 172
114 173
114 174
114 175
114 176
114 177
114 181
114 183
114 185
114 186
114 187
114 188
114 189
114 191
114 193
114 194
114 197
114 199
115 116
115 118
115 119
115 120
115 122
115 123
115 124
115 125
115 126
115 128
115 130
115 134
115 135
115 137
115 138
115 139
115 141
115 146
115 147
115 149
115 153
115 155
115 158
115 159
115 163
115 167
115 170
115 171
115 174
115 175
115 176
115 178
115 181
115 183
115 185
115 186
115 189
115 190
115 191
115 192
115 193
115 194
115 195
116 117
116 119
116 121
116 125
116 127
116 131
116 135
116 136
116 138
116 140
116 145
116 146
116 147
116 152
116 153
116 156
116 159
116 160
116 162
116 163
116 166
116 167
116 168
116 170
116 174
116 175
116 178
116 185
116 186
116 187
116 189
116 191
116 193
116 194
116 197
116 199
117 118
117 120
117 122
117 125
117 126
117 132
117 133
117 134
117 136
117 137
117 139
117 140
117 141
117 142
117 143
117 145
117 149
117 152
117 156
117 157
117 158
117 159
117 160
117 162
117 166
117 171
117 173
117 174
117 175
117 177
117 180
117 181
117 183
117 184
117 186
117 189
117 190
117 191
117 195
117 197
117 198
118 121
118 124
118 126
118 127
118 128
118 129
118 130
118 131
118 132
118 135
118 137
118 138
118 139
118 140
118 144
118 148
118 153
118 154
118 157
118 158
118 160
118 161
118 162
118 169
118 171
118 172
118 173
118 175
118 178
118 179
118 181
118 184
118 187
118 189
118 195
118 196
118 199
119 121
119 123
119 125
119 126
119 130
119 132
119 133
119 137
119 138
119 139
119 140
119 141
119 142
119 143
119 144
119 145
119 147
119 150
119 154
119 155
119 158
119 159
119 160
119 163
119 164
119 166
119 169
119 171
119 172
119 173
119 174
119 175
119 176
119 177
119 180
119 182
119 183
119 184
119 185
119 186
119 193
119 194
119 196
119 197
120 122
120 126
120 127
120 128
120 131
120 133
120 135
120 136
120 138
120 140
120 144
120 145
120 146
120 148
120 150
120 151
120 152
120 153
120 155
120 157
120 158
120 162
120 164
120 166
120 167
120 168
120 170
120 173
120 174
120 175
120 178
120 179
120 180
120 182
120 185
120 186
120 187
120 189
120 192
120 193
120 195
120 197
120 198
120 199
121 122
121 124
121 125
121 126
121 127
121 128
121 129
121 132
121 134
121 135
121 138
121 142
121 144
121 145
121 146
121 147
121 148
121 149
121 150
121 151
121 153
121 156
121 157
121 159
121 160
121 163
121 165
121 169
121 170
121 172
121 173
121 174
121 175
121 180
121 181
121 185
121 186
121 187
121 188
121 189
121 190
121 192
121 193
121 196
122 123
122 124
122 127
122 129
122 131
122 134
122 135
122 137
122 138
122 141
122 143
122 146
122 147
122 148
122 149
122 155
122 157
122 158
122 159
122 160
122 161
122 162
122 164
122 166
122 167
122 169
122 171
122 175
122 179
122 183
122 184
122 185
122 186
122 187
122 192
122 194
122 198
122 199
123 125
123 129
123 130
123 131
123 133
123 134
123 135
123 137
123 139
123 141
123 144
123 146
123 148
123 149
123 150
123 151
123 156
123 158
123 166
123 167
123 168
123 170
123 171
123 175
123 176
123 177
123 179
123 180
123 185
123 186
123 190
123 192
123 195
123 196
123 197
123 198
124 125
124 126
124 131
124 132
124 133
124 134
124 136
124 138
124 139
124 140
124 146
124 147
124 152
124 157
124 158
124 159
124 160
124 161
124 163
124 164
124 165
124 167
124 169
124 171
124 175
124 176
124 177
124 178
124 181
124 185
124 186
124 192
124 194
125 128
125 129
125 130
125 131
125 132
125 135
125 136
125 138
125 139
125 144
125 145
125 146
125 148
125 149
125 151
125 153
125 155
125 157
125 158
125 159
125 160
125 161
125 162
125 165
125 168
125 169
125 170
125 171
125 172
125 173
125 174
125 175
125 176
125 179
125 180
125 188
125 189
125 190
125 193
125 194
125 196
125 198
125 199
126 130
126 131
126 132
126 133
126 135
126 138
126 142
126 143
126 144
126 146
126 148
126 149
126 151
126 154
126 155
126 156
126 159
126 161
126 162
126 167
126 168
126 170
126 173
126 177
126 178
126 180
126 183
126 188
126 190
126 192
126 193
126 195
126 198
127 129
127 131
127 134
127 135
127 139
127 140
127 141
127 146
127 147
127 150
127 151
127 152
127 154
127 156
127 160
127 162
127 163
127 165
127 169
127 170
127 172
127 174
127 175
127 179
127 180
127 185
127 192
127 194
127 196
127 197
127 198
128 130
128 132
128 133
128 135
128 136
128 138
128 140
128 141
128 143
128 146
128 148
128 149
128 150
128 151
128 152
128 154
128 155
128 156
128 157
128 160
128 161
128 166
128 168
128 169
128 173
128 174
128 178
128 182
128 183
128 186
128 190
128 192
128 197
129 130
129 132
129 136
129 138
129 139
129 140
129 141
129 142
129 145
129 146
129 147
129 149
129 152
129 153
129 155
129 157
129 159
129 163
129 164
129 165
129 167
129 170
129 171
129 176
129 177
129 179
129 180
129 181
129 182
129 183
129 185
129 188
129 189
129 191
129 196
129 197
129 198
129 199
130 133
130 134
130 141
130 148
130 149
130 150
130 151
130 152
130 153
130 154
130 155
130 156
130 160
130 161
130 164
130 165
130 168
130 169
130 170
130 171
130 172
130 173
130 174
130 175
130 177
130 179
130 180
130 181
130 183
130 184
130 185
130 186
130 187
130 189
130 194
130 196
130 198
130 199
131 134
131 136
131 137
131 138
131 140
131 145
131 147
131 149
131 150
131 151
131 153
131 154
131 155
131 156
131 157
131 159
131 160
131 162
131 164
131 167
131 172
131 176
131 179
131 181
131 183
131 186
131 190
131 191
131 193
131 194
131 197
132 134
132 136
132 138
132 139
132 140
132 144
132 145
132 146
132 148
132 149
132 152
132 153
132 154
132 156
132 157
132 158
132 159
132 161
132 163
132 164
132 166
132 167
132 168
132 172
132 173
132 174
132 175
132 178
132 179
132 181
132 183
132 187
132 189
132 191
132 192
132 195
132 198
133 135
133 138
133 140
133 143
133 145
133 148
133 151
133 152
133 163
133 164
133 165
133 167
133 170
133 171
133 172
133 173
133 174
133 175
133 178
133 180
133 181
133 183
133 187
133 190
133 191
133 194
133 196
133 198
133 199
134 135
134 136
134 137
134 139
134 141
134 142
134 144
134 145
134 146
134 150
134 151
134 155
134 156
134 157
134 158
134 159
134 160
134 163
134 165
134 166
134 169
134 174
134 177
134 181
134 184
134 185
134 193
134 194
134 197
134 198
134 199
135 138
135 139
135 142
135 143
135 146
135 147
135 149
135 150
135 152
135 155
135 160
135 161
135 163
135 165
135 168
135 169
135 170
135 171
135 177
135 180
135 182
135 183
135 185
135 188
135 189
135 192
135 193
135 195
135 196
135 199
136 137
136 138
136 139
136 141
136 144
136 146
136 150
136 152
136 154
136 155
136 156
136 161
136 163
136 164
136 165
136 167
136 168
136 183
136 184
136 186
136 187
136 188
136 189
136 192
136 193
136 194
136 195
136 196
136 197
136 199
137 139
137 140
137 142
137 144
137 145
137 146
137 147
137 148
137 151
137 152
137 154
137 157
137 160
137 162
137 163
137 167
137 169
137 170
137 173
137 174
137 175
137 178
137 184
137 187
137 189
137 193
137 197
137 198
137 199
138 140
138 141
138 143
138 148
138 150
138 152
138 153
138 154
138 155
138 156
138 157
138 159
138 160
138 161
138 167
138 168
138 170
138 172
138 173
138 175
138 178
138 179
138 180
138 182
138 183
138 184
138 185
138 186
138 187
138 190
138 193
138 199
139 143
139 144
139 146
139 147
139 149
139 156
139 157
139 158
139 159
139 162
139 164
139 167
139 169
139 170
139 174
139 177
139 181
139 183
139 184
139 186
139 189
139 190
139 191
139 193
139 196
139 197
139 198
140 141
140 142
140 143
140 144
140 145
140 146
140 148
140 151
140 153
140 154
140 156
140 158
140 159
140 164
140 165
140 166
140 168
140 169
140 170
140 171
140 173
140 174
140 176
140 177
140 179
140 181
140 182
140 183
140 184
140 186
140 187
140 188
140 191
140 193
140 195
140 197
140 199
141 144
141 147
141 151
141 154
141 161
141 162
141 163
141 166
141 168
141 171
141 173
141 174
141 175
141 176
141 177
141 178
141 180
141 182
141 183
141 188
141 189
141 191
141 192
141 193
141 196
141 198
141 199
142 144
142 145
142 146
142 147
142 150
142 152
142 153
142 154
142 158
142 159
142 161
142 162
142 163
142 165
142 167
142 170
142 172
142 175
142 176
142 178
142 179
142 180
142 181
142 184
142 185
142 186
142 192
142 196
142 198
143 148
143 149
143 150
143 151
143 154
143 156
143 157
143 160
143 164
143 167
143 168
143 170
143 172
143 174
143 175
143 176
143 177
143 178
143 179
143 180
143 182
143 183
143 184
143 186
143 187
143 188
143 189
143 192
143 194
143 195
143 196
143 198
143 199
144 145
144 146
144 147
144 150
144 153
144 154
144 156
144 158
144 159
144 161
144 162
144 165
144 167
144 168
144 172
144 173
144 174
144 176
144 177
144 178
144 184
144 190
144 193
144 196
144 197
144 199
145 146
145 149
145 150
145 153
145 154
145 159
145 161
145 164
145 166
145 168
145 169
145 171
145 172
145 174
145 176
145 177
145 178
145 184
145 186
145 187
145 188
145 189
145 193
145 194
145 198
146 147
146 148
146 150
146 151
146 152
146 155
146 157
146 163
146 165
146 167
146 168
146 169
146 177
146 178
146 179
146 180
146 181
146 183
146 193
146 194
146 196
146 197
146 198
147 150
147 152
147 154
147 155
147 157
147 158
147 160
147 161
147 163
147 165
147 167
147 169
147 170
147 171
147 175
147 177
147 180
147 182
147 183
147 184
147 188
147 191
147 194
147 196
148 150
148 151
148 152
148 153
148 154
148 155
148 156
148 157
148 159
148 160
148 161
148 169
148 171
148 173
148 174
148 175
148 176
148 177
148 178
148 180
148 181
148 183
148 185
148 187
148 191
148 192
148 194
148 195
148 197
148 199
149 151
149 152
149 153
149 155
149 156
149 157
149 158
149 162
149 164
149 166
149 169
149 170
149 171
149 172
149 173
149 174
149 175
149 176
149 177
149 178
149 179
149 181
149 182
149 189
149 190
149 191
149 192
149 194
149 195
149 196
149 197
149 198
150 152
150 155
150 156
150 157
150 158
150 160
150 162
150 163
150 164
150 172
150 173
150 174
150 175
150 178
150 180
150 181
150 185
150 187
150 194
150 195
150 197
150 199
151 152
151 154
151 155
151 157
151 158
151 159
151 160
151 162
151 165
151 167
151 174
151 175
151 178
151 180
151 182
151 184
151 186
151 190
151 191
151 194
151 196
151 199
152 155
152 156
152 157
152 158
152 160
152 161
152 163
152 164
152 167
152 169
152 171
152 173
152 174
152 175
152 176
152 177
152 178
152 179
152 180
152 184
152 185
152 188
152 190
152 197
152 199
153 155
153 156
153 160
153 163
153 167
153 168
153 169
153 176
153 178
153 179
153 180
153 181
153 182
153 183
153 188
153 190
153 192
153 195
153 197
153 198
154 155
154 156
154 162
154 164
154 165
154 169
154 172
154 173
154 174
154 177
154 178
154 180
154 182
154 185
154 188
154 192
154 193
154 194
154 195
154 196
154 197
154 198
155 157
155 159
155 160
155 163
155 166
155 170
155 172
155 173
155 175
155 176
155 180
155 181
155 182
155 187
155 190
155 192
155 195
155 196
155 198
156 157
156 158
156 159
156 160
156 161
156 163
156 164
156 169
156 175
156 177
156 178
156 183
156 189
156 190
156 191
156 193
156 194
156 199
157 158
157 160
157 161
157 162
157 163
157 164
157 165
157 166
157 167
157 168
157 169
157 171
157 172
157 174
157 176
157 177
157 180
157 181
157 182
157 183
157 187
157 188
157 192
157 193
157 194
157 195
157 196
157 199
158 160
158 162
158 163
158 166
158 168
158 169
158 170
158 171
158 172
158 175
158 177
158 180
158 183
158 185
158 187
158 188
158 190
158 191
158 193
158 194
158 198
158 199
159 161
159 166
159 168
159 169
159 172
159 173
159 177
159 178
159 179
159 180
159 183
159 186
159 187
159 190
159 192
159 193
159 194
159 197
160 169
160 171
160 172
160 175
160 176
160 177
160 180
160 181
160 182
160 183
160 185
160 187
160 191
160 192
160 193
160 194
160 195
160 196
160 197
160 198
160 199
161 165
161 169
161 170
161 172
161 175
161 176
161 177
161 178
161 179
161 181
161 182
161 183
161 185
161 186
161 189
161 191
161 193
161 196
161 197
161 199
162 163
162 164
162 167
162 168
162 170
162 171
162 174
162 175
162 176
162 177
162 179
162 180
162 181
162 183
162 185
162 187
162 188
162 189
162 192
162 195
162 196
162 197
162 199
163 165
163 166
163 168
163 169
163 170
163 172
163 175
163 178
163 180
163 183
163 184
163 187
163 190
163 191
163 192
163 194
163 195
163 196
164 165
164 169
164 170
164 174
164 175
164 177
164 179
164 181
164 182
164 185
164 186
164 188
164 189
164 191
164 192
164 195
164 196
164 197
164 199
165 166
165 167
165 168
165 173
165 176
165 177
165 179
165 186
165 188
165 189
165 190
165 191
165 192
165 193
165 195
165 198
165 199
166 168
166 169
166 173
166 174
166 176
166 177
166 180
166 181
166 184
166 185
166 186
166 187
166 191
166 194
166 195
166 196
166 197
166 199
167 168
167 169
167 171
167 173
167 174
167 175
167 177
167 178
167 181
167 183
167 184
167 191
167 193
167 195
167 196
167 197
167 198
168 171
168 175
168 178
168 179
168 180
168 181
168 182
168 185
168 187
168 188
168 190
168 191
168 192
168 193
168 195
168 198
169 172
169 176
169 177
169 179
169 181
169 182
169 184
169 185
169 186
169 188
169 189
169 192
169 193
169 196
170 171
170 173
170 178
170 179
170 181
170 184
170 187
170 189
170 192
170 195
170 197
171 172
171 174
171 177
171 178
171 180
171 181
171 182
171 184
171 185
171 187
171 191
171 192
171 195
171 196
171 197
172 174
172 176
172 178
172 179
172 180
172 183
172 185
172 190
172 192
172 193
172 194
172 198
173 174
173 177
173 179
173 183
173 184
173 189
173 190
173 196
173 198
173 199
174 178
174 181
174 182
174 186
174 187
174 189
174 191
174 192
174 194
174 196
174 197
174 199
175 177
175 178
175 179
175 180
175 182
175 183
175 186
175 187
175 188
175 189
175 190
175 192
175 193
175 194
175 195
175 196
175 199
176 178
176 179
176 181
176 182
176 183
176 186
176 187
176 189
176 190
176 191
176 192
176 194
176 195
176 196
176 198
177 179
177 180
177 181
177 183
177 184
177 185
177 187
177 191
177 192
177 193
177 197
177 199
178 179
178 184
178 187
178 188
178 189
178 191
178 192
178 194
178 195
178 196
178 197
178 198
179 180
179 184
179 186
179 188
179 189
179 190
179 191
179 192
179 193
179 195
179 196
179 199
180 186
180 188
180 189
180 190
180 191
180 192
180 193
180 196
180 197
180 198
180 199
181 182
181 188
181 190
181 196
182 184
182 188
182 189
182 190
182 191
182 192
182 194
182 197
182 199
183 186
183 187
183 190
183 192
183 193
183 195
183 196
183 197
183 198
184 191
184 193
184 195
184 197
184 199
185 187
185 188
185 189
185 191
185 195
185 196
185 198
186 187
186 188
186 189
186 190
186 195
186 196
186 197
186 199
187 188
187 190
187 193
187 195
187 196
187 197
187 198
187 199
188 189
188 193
188 194
188 195
188 196
188 198
188 199
189 190
189 192
189 195
189 198
190 191
190 192
190 193
190 196
190 197
191 192
191 194
191 198
192 198
192 199
193 194
193 195
193 196
193 197
194 197
194 198
195 196
195 197
195 198
195 199
196 197
196 199
197 198
197 199
198 199