150
1156
0 0.03
1 0.10
2 0.01
3 0.86
4 0.94
5 0.01
6 0.64
7 0.64
8 0.85
9 0.09
10 0.99
11 0.53
12 0.66
13 0.85
14 0.14
15 0.06
16 0.21
17 0.46
18 0.78
19 0.83
20 0.49
21 0.80
22 0.26
23 0.69
24 0.32
25 0.14
26 0.05
27 0.27
28 0.79
29 0.08
30 0.60
31 0.33
32 0.98
33 0.71
34 0.31
35 0.56
36 0.67
37 0.29
38 0.51
39 0.06
40 0.71
41 0.83
42 0.20
43 0.32
44 0.42
45 0.30
46 0.20
47 0.59
48 0.37
49 0.89
50 0.52
51 0.58
52 0.06
53 0.17
54 0.61
55 0.15
56 0.67
57 0.83
58 0.10
59 0.07
60 0.43
61 0.18
62 0.39
63 0.12
64 0.65
65 0.98
66 0.93
67 0.98
68 0.24
69 0.42
70 0.52
71 0.87
72 0.81
73 0.29
74 0.37
75 0.90
76 0.95
77 0.47
78 0.85
79 0.60
80 0.92
81 0.95
82 0.88
83 0.53
84 0.72
85 0.15
86 0.04
87 0.72
88 0.47
89 0.38
90 0.11
91 0.58
92 0.58
93 0.92
94 0.43
95 0.22
96 0.78
97 0.77
98 0.74
99 0.52
100 0.67
101 0.53
102 0.99
103 0.34
104 0.87
105 0.06
106 0.00
107 0.05
108 0.98
109 0.22
110 0.38
111 0.60
112 0.92
113 0.22
114 0.33
115 0.98
116 0.37
117 0.41
118 0.63
119 0.21
120 0.69
121 0.01
122 0.54
123 0.93
124 0.08
125 0.38
126 0.77
127 0.49
128 0.59
129 0.48
130 0.72
131 0.54
132 0.70
133 0.32
134 0.74
135 0.46
136 0.94
137 0.80
138 0.46
139 0.71
140 0.34
141 0.27
142 0.12
143 0.04
144 0.52
145 0.29
146 0.51
147 0.09
148 0.66
149 0.75
0 1
0 4
0 12
0 13
0 40
0 45
0 46
0 68
0 75
0 76
0 78
0 94
0 97
0 102
0 118
0 136
0 137
0 144
1 4
1 33
1 48
1 59
1 62
1 65
1 69
1 79
1 89
1 95
1 99
1 100
1 109
1 114
1 116
1 129
1 133
1 142
2 4
2 17
2 23
2 26
2 30
2 45
2 48
2 52
2 59
2 62
2 65
2 70
2 75
2 81
2 97
2 109
2 112
2 131
3 6
3 13
3 18
3 21
3 32
3 56
3 61
3 62
3 72
3 84
3 90
3 91
3 97
3 104
3 105
3 113
3 122
3 123
3 130
3 139
3 144
3 147
4 9
4 43
4 45
4 50
4 51
4 59
4 60
4 85
4 97
4 102
4 103
4 125
4 127
4 132
5 7
5 15
5 25
5 35
5 39
5 48
5 56
5 57
5 62
5 69
5 88
5 93
5 99
5 106
5 110
5 135
5 136
5 142
6 18
6 20
6 27
6 49
6 60
6 67
6 74
6 94
6 109
6 113
6 117
6 119
6 134
6 137
6 139
6 140
6 146
7 23
7 37
7 40
7 64
7 72
7 77
7 117
7 130
8 9
8 20
8 28
8 61
8 78
8 93
8 104
8 106
8 111
8 113
8 139
8 140
8 146
9 20
9 63
9 71
9 83
9 87
9 88
9 112
9 117
9 120
9 124
9 125
10 40
10 41
10 43
10 44
10 50
10 62
10 69
10 99
10 103
11 19
11 34
11 42
11 58
11 60
11 66
11 76
11 79
11 84
11 101
11 137
12 15
12 24
12 56
12 71
12 78
12 80
12 84
12 85
12 88
12 90
12 107
12 126
12 132
12 145
12 146
13 18
13 26
13 29
13 45
13 47
13 63
13 71
13 79
13 88
13 109
13 122
13 146
14 15
14 52
14 59
14 69
14 74
14 75
14 77
14 80
14 81
14 87
14 96
14 97
14 104
14 108
14 115
14 149
15 17
15 28
15 54
15 55
15 56
15 79
15 99
15 100
15 103
15 119
15 124
15 140
15 142
16 25
16 47
16 57
16 65
16 70
16 105
16 118
16 127
16 128
16 136
16 142
16 147
16 148
17 27
17 54
17 56
17 73
17 96
17 122
18 27
18 39
18 42
18 49
18 74
18 89
18 98
18 102
18 112
18 134
18 137
18 146
19 21
19 35
19 36
19 76
19 82
19 85
19 107
19 113
19 115
19 119
19 134
19 136
19 138
19 149
20 33
20 49
20 52
20 58
20 68
20 76
20 82
20 93
20 96
20 102
20 104
20 108
20 115
20 132
20 133
20 137
21 62
21 68
21 69
21 83
21 95
21 96
21 97
21 98
21 101
21 108
21 114
21 119
21 123
21 134
21 138
22 35
22 42
22 65
22 69
22 72
22 75
22 94
22 95
22 106
22 117
22 126
22 129
22 131
22 146
23 56
23 60
23 64
23 67
23 92
23 99
23 104
23 118
23 133
23 141
23 143
24 29
24 39
24 40
24 44
24 48
24 49
24 53
24 62
24 70
24 112
24 118
24 131
24 132
24 137
24 148
25 27
25 31
25 58
25 81
25 86
25 92
25 94
25 95
25 107
25 112
25 125
25 128
25 137
25 146
26 27
26 29
26 44
26 47
26 48
26 71
26 74
26 84
26 85
26 87
26 135
26 138
27 37
27 47
27 57
27 80
27 88
27 89
27 104
27 107
27 125
27 141
28 46
28 53
28 99
28 109
28 128
28 146
29 32
29 49
29 54
29 64
29 79
29 87
29 88
29 114
29 122
29 124
29 131
29 146
30 41
30 54
30 86
30 88
30 90
30 97
30 103
30 104
30 105
30 110
30 111
30 133
31 49
31 68
31 81
31 90
31 98
31 100
31 103
31 115
31 123
31 127
31 134
32 63
32 68
32 73
32 78
32 80
32 81
32 98
32 120
32 132
32 134
32 135
32 142
33 58
33 124
33 129
33 130
33 139
34 36
34 40
34 41
34 47
34 63
34 83
34 95
34 99
34 109
34 139
34 142
34 148
35 38
35 39
35 46
35 53
35 54
35 70
35 93
35 100
35 104
35 110
35 129
36 38
36 43
36 51
36 60
36 64
36 66
36 75
36 78
36 109
36 130
36 136
37 46
37 50
37 58
37 63
37 65
37 66
37 80
37 89
37 93
37 105
37 107
37 118
37 120
37 127
38 49
38 57
38 59
38 72
38 74
38 82
38 88
38 91
38 92
38 93
38 137
39 74
39 79
39 128
40 61
40 62
40 75
40 79
40 88
40 97
40 103
40 115
40 125
40 129
41 42
41 43
41 44
41 62
41 63
41 71
41 76
41 99
41 102
41 125
41 137
42 48
42 78
42 85
42 93
42 105
42 115
42 116
42 143
43 45
43 46
43 63
43 80
43 94
43 102
43 117
43 131
43 135
43 136
43 137
43 142
44 65
44 68
44 122
44 142
45 54
45 61
45 62
45 67
45 73
45 90
45 96
45 97
45 105
45 114
45 134
45 138
45 145
45 146
46 49
46 50
46 56
46 65
46 78
46 79
46 85
46 86
46 87
46 89
46 99
46 101
46 125
47 54
47 65
47 87
47 100
47 109
47 133
47 134
47 141
47 142
48 50
48 51
48 56
48 78
48 83
48 105
48 117
48 123
48 132
48 134
48 135
48 145
49 57
49 61
49 64
49 74
49 77
49 96
49 97
49 104
49 114
49 119
49 122
49 124
49 132
49 136
49 141
49 144
49 149
50 53
50 54
50 66
50 93
50 97
50 114
50 115
50 119
50 130
50 137
50 141
50 145
50 146
51 57
51 72
51 81
51 93
51 102
51 110
51 111
51 112
51 114
51 115
51 123
51 136
51 144
51 147
52 61
52 62
52 73
52 79
52 91
52 100
52 105
52 124
52 133
52 140
52 144
52 149
53 54
53 60
53 61
53 62
53 63
53 74
53 98
53 110
53 111
53 117
53 139
54 100
54 102
54 103
54 105
54 113
54 116
54 118
54 140
54 146
55 56
55 58
55 67
55 69
55 85
55 93
55 98
55 102
55 118
55 120
55 122
55 127
55 143
56 64
56 66
56 70
56 72
56 73
56 78
56 80
56 100
56 114
57 62
57 74
57 78
57 95
57 98
57 101
57 114
57 117
57 125
57 133
57 140
57 144
58 79
58 80
58 90
58 94
58 97
58 102
58 108
58 119
58 143
59 68
59 75
59 92
59 98
59 101
59 108
59 112
59 131
60 61
60 69
60 91
60 97
60 115
60 120
60 132
60 139
60 146
60 148
61 65
61 79
61 86
61 95
61 97
61 112
61 117
61 124
61 126
61 149
62 64
62 69
62 71
62 74
62 107
62 117
63 70
63 72
63 77
63 96
63 98
63 115
63 116
63 118
63 119
63 137
63 146
64 96
64 115
64 118
64 121
64 125
64 138
65 68
65 88
65 101
65 109
65 127
65 146
66 86
66 90
66 93
66 100
66 108
66 113
66 115
66 147
67 72
67 77
67 92
67 94
67 98
67 113
67 116
67 143
67 144
68 70
68 73
68 76
68 80
68 81
68 83
68 85
68 91
68 102
68 141
69 71
69 79
69 94
69 119
69 127
69 134
70 81
70 93
70 104
70 123
71 77
71 80
71 85
71 93
71 120
71 121
71 136
72 100
72 114
72 124
72 128
73 89
73 103
73 124
73 138
73 149
74 75
74 76
74 77
74 83
74 84
74 93
74 94
74 102
74 108
74 122
74 128
75 80
75 81
75 85
75 93
75 94
75 98
75 106
75 119
75 134
75 139
75 140
76 79
76 103
76 109
76 111
76 136
76 140
77 78
77 79
77 89
77 92
77 102
77 106
77 111
77 113
77 118
77 121
77 129
77 130
77 139
77 143
78 80
78 83
78 85
78 86
78 87
78 108
78 121
78 125
78 130
78 140
78 144
79 88
79 94
79 96
79 103
79 111
79 114
79 123
79 142
80 88
80 91
80 95
80 107
80 111
80 112
80 127
80 130
80 138
80 146
80 149
81 91
81 96
81 104
81 135
81 137
81 140
81 143
82 84
82 97
82 109
82 110
82 122
82 125
82 135
82 137
82 138
82 145
83 90
83 108
83 121
83 123
83 126
84 89
84 98
84 115
84 119
84 125
84 133
84 146
85 88
85 94
85 105
85 112
85 117
85 121
85 124
85 126
85 137
85 138
85 145
86 87
86 99
86 105
86 126
86 140
86 143
87 89
87 97
87 102
87 115
87 121
87 122
87 133
87 138
87 146
88 95
88 111
88 112
88 121
88 124
88 125
88 135
88 145
89 113
89 116
89 120
89 125
89 131
89 140
90 103
90 118
90 120
90 136
90 144
91 98
91 106
91 112
91 121
91 135
92 97
92 109
92 132
92 133
93 127
93 129
93 136
93 140
93 149
94 110
94 132
94 133
94 139
95 96
95 102
95 117
95 125
95 143
95 146
96 114
96 117
96 125
97 105
97 108
97 124
97 133
97 136
97 144
98 100
98 136
99 105
99 107
99 137
99 140
99 141
99 149
100 102
100 111
100 122
100 123
100 125
101 104
101 131
101 142
102 120
102 136
102 143
103 105
103 115
103 119
103 124
103 132
103 137
104 127
104 136
104 146
105 108
105 120
105 124
105 148
106 111
106 113
106 124
106 126
106 131
107 109
107 113
107 123
107 135
108 114
108 119
108 120
108 124
108 127
108 142
108 145
108 147
109 121
109 130
109 136
110 115
110 121
110 135
110 145
110 146
111 114
111 124
111 137
112 117
112 135
112 136
112 148
113 122
113 137
113 138
113 143
114 122
114 123
114 124
114 126
114 130
114 134
114 135
115 126
115 130
116 120
116 126
116 130
116 133
116 137
117 122
117 141
118 133
118 137
118 141
118 145
118 146
119 133
119 134
119 135
119 139
119 140
120 124
120 137
121 126
121 133
121 138
121 141
122 125
122 128
122 129
122 130
122 136
122 140
122 144
122 147
123 149
124 136
124 138
125 127
125 129
125 134
125 142
126 127
126 139
126 141
127 128
127 130
127 132
127 133
127 135
128 132
128 136
128 144
129 133
129 135
129 141
130 136
130 137
131 136
131 141
131 146
132 147
133 148
134 148
135 148
136 142
136 144
137 148
139 145
139 149
140 144
140 146
141 147
141 148
142 149
143 146
146 149