50
619
0 0.80
1 0.68
2 0.89
3 0.64
4 0.08
5 0.92
6 0.26
7 0.48
8 0.94
9 0.03
10 0.18
11 0.12
12 0.59
13 0.97
14 0.76
15 0.67
16 0.22
17 0.61
18 0.06
19 0.76
20 0.52
21 0.14
22 0.20
23 0.68
24 0.20
25 0.87
26 0.70
27 0.20
28 0.71
29 0.78
30 0.59
31 0.34
32 0.58
33 0.77
34 0.96
35 0.08
36 0.86
37 0.71
38 0.09
39 0.63
40 0.59
41 0.21
42 0.89
43 0.38
44 0.78
45 0.12
46 0.02
47 0.64
48 0.78
49 0.48
0 1
0 2
0 4
0 5
0 6
0 7
0 9
0 12
0 15
0 18
0 20
0 21
0 23
0 28
0 29
0 30
0 32
0 34
0 35
0 36
0 37
0 38
0 39
0 40
0 41
0 43
0 45
0 46
0 47
0 49
1 2
1 3
1 5
1 7
1 9
1 10
1 14
1 15
1 16
1 18
1 19
1 21
1 24
1 25
1 27
1 29
1 30
1 33
1 34
1 36
1 37
1 41
1 43
1 44
1 45
1 46
1 48
1 49
2 4
2 5
2 6
2 9
2 10
2 11
2 13
2 14
2 18
2 19
2 20
2 22
2 24
2 26
2 27
2 28
2 31
2 32
2 33
2 34
2 35
2 36
2 40
2 41
2 43
2 44
2 45
2 46
2 47
2 49
3 5
3 6
3 8
3 9
3 10
3 13
3 14
3 17
3 18
3 20
3 22
3 23
3 26
3 28
3 30
3 35
3 37
3 39
3 42
3 43
3 46
3 49
4 5
4 6
4 7
4 8
4 9
4 10
4 16
4 17
4 18
4 19
4 21
4 22
4 24
4 25
4 28
4 31
4 32
4 33
4 35
4 36
4 38
4 40
4 41
4 44
4 45
4 47
4 49
5 8
5 11
5 12
5 13
5 14
5 15
5 17
5 19
5 20
5 21
5 24
5 25
5 27
5 28
5 30
5 31
5 33
5 36
5 42
5 43
5 45
5 49
6 8
6 10
6 11
6 12
6 13
6 14
6 16
6 18
6 19
6 20
6 23
6 26
6 27
6 28
6 31
6 34
6 35
6 36
6 37
6 38
6 39
6 40
6 46
6 47
6 48
7 10
7 13
7 16
7 25
7 27
7 30
7 32
7 36
7 43
7 44
7 45
7 46
7 47
8 9
8 12
8 14
8 15
8 19
8 20
8 21
8 22
8 25
8 26
8 27
8 29
8 32
8 33
8 36
8 39
8 40
8 42
8 43
8 44
8 47
8 49
9 10
9 11
9 12
9 14
9 19
9 20
9 21
9 27
9 35
9 36
9 44
9 45
9 46
9 48
10 11
10 12
10 13
10 18
10 22
10 23
10 24
10 25
10 27
10 28
10 29
10 32
10 35
10 36
10 37
10 38
10 42
10 44
10 45
10 47
10 48
10 49
11 12
11 13
11 19
11 22
11 24
11 25
11 27
11 28
11 30
11 32
11 34
11 35
11 37
11 38
11 39
11 40
11 42
11 43
11 44
11 47
11 48
11 49
12 15
12 19
12 21
12 29
12 30
12 33
12 34
12 35
12 36
12 38
12 40
12 41
12 42
12 43
12 45
12 48
12 49
13 16
13 17
13 19
13 21
13 23
13 26
13 29
13 32
13 35
13 40
13 42
13 44
13 45
13 48
13 49
14 16
14 17
14 19
14 20
14 22
14 23
14 24
14 28
14 29
14 30
14 32
14 33
14 35
14 36
14 37
14 40
14 43
14 45
14 46
14 48
14 49
15 17
15 18
15 20
15 21
15 22
15 25
15 26
15 27
15 33
15 38
15 39
15 43
15 47
15 49
16 21
16 22
16 23
16 25
16 26
16 28
16 31
16 33
16 34
16 36
16 37
16 38
16 39
16 42
16 44
16 45
16 46
16 48
16 49
17 19
17 20
17 21
17 28
17 32
17 33
17 38
17 39
17 41
17 42
17 45
18 20
18 21
18 22
18 24
18 26
18 31
18 32
18 33
18 34
18 35
18 37
18 38
18 43
18 45
18 46
18 48
19 21
19 23
19 24
19 25
19 28
19 34
19 35
19 38
19 39
19 40
19 41
19 42
19 43
19 44
19 45
19 46
19 48
19 49
20 21
20 23
20 25
20 27
20 31
20 33
20 35
20 36
20 37
20 38
20 40
20 44
20 45
20 47
20 48
20 49
21 24
21 27
21 29
21 30
21 31
21 33
21 35
21 39
21 41
21 45
21 46
21 48
22 23
22 26
22 28
22 30
22 36
22 38
22 43
22 45
22 46
23 25
23 26
23 30
23 31
23 35
23 36
23 38
23 39
23 40
23 42
23 44
23 45
23 46
23 48
23 49
24 25
24 26
24 27
24 28
24 29
24 31
24 32
24 33
24 35
24 37
24 38
24 39
24 41
24 42
24 43
24 45
25 27
25 28
25 30
25 31
25 32
25 33
25 37
25 40
25 41
25 45
25 47
25 48
26 28
26 30
26 38
26 39
26 47
27 30
27 32
27 33
27 40
27 41
27 42
27 43
27 44
27 45
27 46
27 47
27 49
28 29
28 31
28 34
28 38
28 42
28 46
28 48
29 30
29 31
29 32
29 35
29 38
29 39
29 41
29 43
29 44
29 45
29 46
30 36
30 37
30 39
30 40
30 41
30 43
30 44
30 46
30 49
31 32
31 39
31 42
31 44
31 47
31 48
32 33
32 35
32 36
32 38
32 40
32 41
32 47
32 48
33 35
33 36
33 39
33 43
33 45
33 46
33 47
34 35
34 36
34 37
34 38
34 40
34 41
34 42
34 43
34 45
34 46
34 47
34 48
34 49
35 37
35 42
35 46
35 48
36 39
36 40
36 41
36 44
36 45
36 47
36 48
36 49
37 38
37 43
37 44
37 45
37 47
37 48
37 49
38 41
38 42
38 44
38 45
38 48
38 49
39 42
39 45
39 48
40 41
40 45
40 48
40 49
41 42
41 45
41 47
41 49
42 43
42 44
42 45
42 49
43 44
43 45
43 46
43 47
43 48
44 45
44 46
44 49
45 46
45 47
46 47
47 48
48 49