50
120
0 0.36
1 0.11
2 0.68
3 0.08
4 0.27
5 0.34
6 0.95
7 0.33
8 0.54
9 0.61
10 0.40
11 0.55
12 0.04
13 0.70
14 0.32
15 0.57
16 0.85
17 0.63
18 0.77
19 0.17
20 0.36
21 0.42
22 0.66
23 0.85
24 0.83
25 0.69
26 0.83
27 0.07
28 0.57
29 0.82
30 0.67
31 0.81
32 0.09
33 0.71
34 0.70
35 0.92
36 0.01
37 0.07
38 0.32
39 0.40
40 0.08
41 0.45
42 0.80
43 0.70
44 0.48
45 0.21
46 0.01
47 0.37
48 0.02
49 0.82
0 15
0 18
0 24
1 6
1 21
1 22
1 25
1 31
1 33
2 11
2 17
2 22
2 36
2 40
3 6
3 20
3 30
3 37
3 45
4 9
4 14
4 16
4 23
4 38
4 41
5 18
5 26
5 29
6 13
6 19
6 29
6 36
7 10
7 25
7 27
7 40
8 20
8 31
8 35
8 40
8 43
8 44
9 13
9 27
10 13
10 17
10 38
10 45
10 46
11 13
11 30
11 34
11 39
11 42
11 43
11 47
12 17
12 25
12 31
12 36
13 39
13 40
13 47
14 16
14 18
14 43
15 40
15 42
15 45
15 47
16 26
16 28
16 37
17 23
17 27
17 29
17 31
17 33
17 45
18 19
18 27
18 37
18 49
20 42
20 44
20 48
21 22
21 28
21 32
21 35
21 38
22 23
22 25
23 27
23 33
23 40
24 25
24 38
25 31
25 33
25 42
26 33
27 37
29 39
29 49
30 44
32 33
32 37
33 39
34 37
35 37
35 40
36 40
37 46
39 43
39 46
40 47
42 46
44 48
46 48