100
459
0 0.80
1 0.10
2 0.22
3 0.62
4 0.10
5 0.66
6 0.65
7 0.66
8 0.15
9 0.09
10 0.10
11 0.99
12 0.38
13 0.60
14 0.91
15 0.12
16 0.98
17 0.05
18 0.16
19 0.51
20 0.15
21 0.33
22 0.68
23 0.30
24 0.81
25 0.05
26 0.05
27 0.89
28 0.38
29 0.24
30 0.25
31 0.15
32 0.37
33 0.21
34 0.28
35 0.58
36 0.10
37 0.99
38 0.61
39 0.01
40 0.09
41 0.68
42 0.23
43 0.81
44 0.59
45 0.03
46 0.83
47 0.15
48 0.69
49 0.64
50 0.00
51 0.31
52 0.65
53 0.99
54 1.00
55 0.15
56 0.64
57 0.04
58 0.82
59 0.72
60 0.50
61 0.58
62 0.40
63 0.98
64 0.87
65 0.50
66 0.89
67 1.00
68 0.53
69 0.93
70 0.90
71 0.61
72 0.87
73 0.57
74 0.68
75 0.17
76 0.38
77 0.45
78 0.11
79 0.32
80 0.03
81 0.64
82 0.78
83 0.43
84 0.04
85 0.20
86 0.89
87 0.24
88 0.11
89 0.55
90 0.66
91 0.42
92 0.19
93 0.93
94 0.70
95 0.80
96 0.29
97 0.47
98 0.25
99 0.72
0 37
0 38
0 43
0 44
0 49
0 51
0 69
0 87
0 96
0 97
1 23
1 31
1 41
1 43
1 82
1 87
1 90
2 11
2 12
2 16
2 24
2 44
2 53
2 54
2 55
2 59
2 69
2 84
2 95
3 9
3 19
3 27
3 61
3 62
3 64
3 66
3 67
3 80
3 89
4 6
4 8
4 16
4 38
4 79
4 90
5 8
5 19
5 30
5 55
5 89
6 9
6 12
6 19
6 29
6 53
6 54
6 74
6 76
6 85
6 88
6 94
7 8
7 42
7 47
7 57
7 69
7 95
7 98
8 28
8 32
8 38
8 41
8 60
8 63
8 93
9 17
9 21
9 24
9 26
9 39
9 59
9 60
9 69
9 75
9 81
9 95
10 12
10 17
10 24
10 40
10 63
10 67
10 77
10 87
10 88
10 99
11 12
11 15
11 21
11 32
11 41
12 34
12 40
12 59
12 68
12 70
12 74
12 79
12 86
12 88
13 25
13 29
13 35
13 43
13 77
13 82
14 26
14 37
14 41
14 60
14 97
15 29
15 63
15 76
15 78
15 82
15 91
16 29
16 45
16 56
16 77
16 86
17 18
17 19
17 39
17 59
17 65
17 67
17 79
17 83
18 23
18 53
18 72
18 75
18 97
19 40
19 44
19 55
19 68
19 90
19 97
20 21
20 24
20 25
20 30
20 37
20 65
20 98
21 26
21 28
21 49
21 52
21 57
21 59
21 65
21 66
21 70
21 80
21 89
22 32
22 43
22 53
22 65
22 67
22 74
22 91
22 97
23 28
23 32
23 45
23 50
23 56
23 88
23 97
24 42
24 43
24 45
24 50
24 60
24 75
24 90
24 93
25 26
25 34
25 38
25 42
25 48
25 52
25 76
25 89
25 98
26 55
26 57
26 58
26 60
26 92
26 97
27 31
27 41
27 48
27 53
27 57
27 58
27 65
27 67
27 80
28 36
28 47
28 54
28 87
28 91
29 50
29 77
29 81
30 39
30 40
30 68
30 70
30 75
30 95
31 53
31 60
31 62
31 71
31 91
31 95
32 56
32 79
32 85
32 90
33 63
33 77
33 84
34 57
34 69
34 75
34 79
34 85
34 86
34 98
34 99
35 37
35 56
35 69
35 73
35 75
35 87
35 92
35 93
36 38
36 42
36 44
36 50
36 55
36 66
36 68
36 95
37 41
37 56
37 63
37 76
37 79
37 97
37 99
38 41
38 58
38 63
38 65
38 70
38 86
38 87
38 91
38 98
39 42
39 46
39 53
39 67
39 85
40 44
40 45
40 61
40 65
40 91
41 44
41 54
41 56
41 65
41 79
42 44
42 49
42 51
42 59
42 64
42 66
42 68
42 70
42 74
42 86
42 92
42 94
43 45
43 47
43 49
43 69
43 74
43 81
43 95
44 51
44 67
44 82
44 91
44 97
45 65
45 79
45 83
46 48
46 49
46 50
46 54
47 48
47 52
47 67
47 69
47 70
47 95
48 62
48 81
48 97
49 51
49 53
49 59
49 60
49 61
49 70
49 71
49 86
49 98
50 63
50 73
50 96
51 72
52 54
52 78
52 79
52 82
52 87
52 97
53 63
53 72
53 86
53 96
54 66
54 68
54 81
54 91
54 97
55 58
56 66
56 78
56 83
57 62
57 63
57 82
57 87
57 92
58 59
58 76
58 87
58 89
58 99
59 77
60 69
60 74
60 76
60 83
60 91
60 92
60 94
60 96
60 99
61 74
61 81
61 94
62 66
62 79
62 80
62 83
62 92
63 69
63 80
63 81
63 94
63 97
64 65
64 99
65 66
65 72
65 74
65 75
65 79
65 93
66 68
66 69
66 76
66 84
66 92
67 90
67 91
68 86
68 94
69 75
69 77
69 84
69 90
69 99
70 71
70 83
70 96
70 99
71 98
72 78
72 79
73 96
74 84
74 88
74 90
74 94
75 89
76 83
76 84
77 90
78 93
79 81
79 90
82 87
82 93
82 95
83 98
84 94
86 87
86 90
86 94
87 99
89 97
90 97
91 94
92 94
93 98
93 99