100
2439
0 0.04
1 0.81
2 0.02
3 0.87
4 0.82
5 0.51
6 0.14
7 0.60
8 0.04
9 0.15
10 0.51
11 0.42
12 0.71
13 0.06
14 0.06
15 0.86
16 0.96
17 0.48
18 0.37
19 0.43
20 0.03
21 0.17
22 0.60
23 0.96
24 0.61
25 0.34
26 0.78
27 0.24
28 0.28
29 0.31
30 0.21
31 0.39
32 0.55
33 0.49
34 0.14
35 0.37
36 0.48
37 0.26
38 0.39
39 0.24
40 0.07
41 0.57
42 0.66
43 0.50
44 0.36
45 0.40
46 0.67
47 0.72
48 0.74
49 0.32
50 0.70
51 0.01
52 0.68
53 0.19
54 0.42
55 0.25
56 0.34
57 0.95
58 0.64
59 0.00
60 0.32
61 0.23
62 0.88
63 0.24
64 0.43
65 0.13
66 0.92
67 0.36
68 0.98
69 0.49
70 0.51
71 0.26
72 0.74
73 0.24
74 0.98
75 0.70
76 0.54
77 0.14
78 0.60
79 0.91
80 0.40
81 0.41
82 0.14
83 0.90
84 0.70
85 0.54
86 0.64
87 0.98
88 0.12
89 0.03
90 0.86
91 0.76
92 0.87
93 0.36
94 0.03
95 0.64
96 0.83
97 0.48
98 0.18
99 0.04
0 2
0 3
0 4
0 5
0 6
0 7
0 10
0 11
0 12
0 13
0 19
0 23
0 24
0 25
0 28
0 29
0 34
0 36
0 39
0 44
0 45
0 48
0 49
0 50
0 51
0 54
0 57
0 59
0 60
0 61
0 62
0 64
0 66
0 67
0 68
0 71
0 74
0 76
0 81
0 82
0 83
0 84
0 86
0 88
0 90
0 91
0 94
0 97
0 98
0 99
1 2
1 3
1 6
1 7
1 8
1 10
1 11
1 12
1 14
1 15
1 16
1 18
1 24
1 26
1 29
1 33
1 35
1 38
1 39
1 42
1 44
1 45
1 47
1 49
1 53
1 54
1 56
1 58
1 59
1 63
1 69
1 70
1 75
1 76
1 81
1 85
1 91
1 92
1 93
1 95
1 96
1 97
1 98
1 99
2 3
2 4
2 5
2 6
2 12
2 13
2 14
2 15
2 17
2 18
2 19
2 20
2 21
2 22
2 23
2 25
2 27
2 28
2 30
2 31
2 33
2 34
2 35
2 36
2 37
2 40
2 41
2 45
2 46
2 47
2 50
2 51
2 52
2 54
2 55
2 58
2 60
2 61
2 63
2 64
2 65
2 66
2 67
2 68
2 71
2 73
2 78
2 82
2 83
2 85
2 86
2 88
2 89
2 91
2 93
2 94
2 95
2 96
2 97
2 98
2 99
3 8
3 9
3 12
3 13
3 15
3 16
3 17
3 18
3 20
3 21
3 22
3 23
3 24
3 26
3 27
3 28
3 30
3 33
3 35
3 36
3 37
3 38
3 40
3 43
3 46
3 51
3 55
3 59
3 61
3 62
3 64
3 66
3 70
3 71
3 74
3 76
3 77
3 79
3 81
3 88
3 90
3 93
3 95
3 97
3 98
4 9
4 11
4 14
4 15
4 19
4 20
4 21
4 22
4 23
4 24
4 26
4 27
4 28
4 29
4 31
4 38
4 39
4 41
4 43
4 45
4 47
4 48
4 54
4 58
4 59
4 62
4 63
4 66
4 67
4 69
4 73
4 76
4 81
4 82
4 83
4 84
4 86
4 87
4 88
4 89
4 90
4 91
4 93
4 94
4 96
4 98
4 99
5 14
5 15
5 19
5 20
5 22
5 23
5 24
5 25
5 26
5 27
5 29
5 37
5 39
5 41
5 42
5 43
5 45
5 46
5 51
5 53
5 57
5 58
5 59
5 61
5 62
5 64
5 65
5 67
5 74
5 76
5 77
5 78
5 79
5 84
5 89
5 91
5 93
5 94
5 97
6 7
6 12
6 13
6 15
6 18
6 19
6 27
6 28
6 29
6 30
6 33
6 36
6 37
6 38
6 40
6 41
6 42
6 43
6 45
6 47
6 48
6 50
6 52
6 54
6 55
6 57
6 58
6 61
6 62
6 64
6 69
6 71
6 72
6 73
6 75
6 77
6 79
6 83
6 84
6 85
6 88
6 92
6 95
6 96
7 10
7 11
7 12
7 14
7 18
7 19
7 23
7 24
7 28
7 29
7 32
7 33
7 36
7 37
7 38
7 40
7 44
7 48
7 50
7 52
7 54
7 55
7 56
7 62
7 63
7 66
7 67
7 68
7 70
7 73
7 75
7 77
7 78
7 82
7 84
7 85
7 89
7 90
7 91
7 93
7 95
7 96
7 97
7 98
7 99
8 9
8 11
8 12
8 14
8 16
8 18
8 19
8 21
8 22
8 26
8 27
8 28
8 29
8 32
8 34
8 35
8 36
8 37
8 38
8 39
8 41
8 43
8 44
8 45
8 47
8 48
8 49
8 50
8 53
8 56
8 57
8 58
8 59
8 60
8 61
8 62
8 63
8 66
8 71
8 72
8 74
8 75
8 76
8 78
8 79
8 80
8 85
8 86
8 88
8 90
8 93
8 95
8 96
8 99
9 10
9 14
9 15
9 17
9 20
9 21
9 23
9 24
9 27
9 29
9 31
9 33
9 38
9 39
9 41
9 42
9 45
9 49
9 50
9 51
9 52
9 53
9 55
9 61
9 62
9 65
9 68
9 69
9 70
9 71
9 72
9 74
9 75
9 76
9 77
9 78
9 79
9 82
9 83
9 85
9 86
9 90
9 92
9 93
9 94
9 96
9 97
9 99
10 11
10 12
10 14
10 17
10 20
10 28
10 29
10 30
10 36
10 37
10 39
10 40
10 41
10 42
10 46
10 47
10 49
10 50
10 55
10 56
10 61
10 62
10 63
10 64
10 65
10 66
10 67
10 69
10 70
10 71
10 72
10 73
10 75
10 76
10 77
10 79
10 82
10 85
10 87
10 88
10 91
10 93
10 94
10 95
10 96
10 98
10 99
11 18
11 20
11 22
11 23
11 24
11 25
11 26
11 27
11 28
11 29
11 34
11 35
11 37
11 39
11 41
11 42
11 45
11 47
11 48
11 49
11 50
11 51
11 52
11 57
11 58
11 61
11 64
11 66
11 68
11 70
11 72
11 73
11 75
11 76
11 85
11 86
11 88
11 89
11 90
11 91
11 92
11 98
11 99
12 16
12 22
12 26
12 30
12 33
12 37
12 39
12 42
12 47
12 51
12 52
12 53
12 54
12 57
12 58
12 59
12 60
12 61
12 62
12 64
12 65
12 66
12 68
12 70
12 73
12 75
12 76
12 78
12 79
12 81
12 82
12 86
12 88
12 89
12 90
12 94
12 96
12 99
13 16
13 19
13 20
13 21
13 22
13 24
13 26
13 28
13 30
13 33
13 35
13 36
13 38
13 39
13 40
13 43
13 44
13 47
13 48
13 49
13 50
13 52
13 53
13 55
13 56
13 57
13 59
13 60
13 62
13 68
13 71
13 72
13 74
13 76
13 77
13 78
13 79
13 81
13 83
13 86
13 88
13 89
13 92
13 93
13 94
13 95
13 97
13 99
14 15
14 20
14 21
14 23
14 25
14 27
14 28
14 31
14 32
14 34
14 36
14 38
14 43
14 46
14 47
14 48
14 50
14 51
14 52
14 57
14 59
14 60
14 63
14 65
14 67
14 71
14 73
14 74
14 76
14 77
14 79
14 80
14 82
14 83
14 85
14 86
14 89
14 94
14 96
14 98
15 18
15 21
15 22
15 25
15 27
15 28
15 29
15 30
15 34
15 37
15 38
15 39
15 44
15 45
15 47
15 48
15 49
15 50
15 51
15 52
15 53
15 54
15 56
15 60
15 62
15 64
15 65
15 67
15 68
15 69
15 70
15 71
15 73
15 75
15 78
15 79
15 80
15 81
15 82
15 83
15 86
15 87
15 88
15 94
15 95
16 17
16 21
16 26
16 27
16 29
16 31
16 33
16 34
16 38
16 40
16 41
16 43
16 44
16 45
16 48
16 49
16 50
16 51
16 52
16 53
16 54
16 56
16 57
16 61
16 65
16 73
16 75
16 76
16 77
16 81
16 84
16 85
16 87
16 88
16 89
16 91
16 92
16 94
16 96
16 97
16 98
16 99
17 19
17 20
17 22
17 23
17 24
17 27
17 28
17 29
17 31
17 32
17 34
17 43
17 46
17 47
17 51
17 52
17 53
17 54
17 55
17 59
17 61
17 62
17 63
17 64
17 66
17 68
17 70
17 71
17 72
17 74
17 76
17 79
17 81
17 83
17 85
17 86
17 87
17 89
17 91
17 92
17 93
17 95
17 99
18 19
18 21
18 22
18 23
18 28
18 32
18 36
18 40
18 42
18 43
18 46
18 48
18 53
18 54
18 55
18 56
18 57
18 59
18 61
18 62
18 63
18 64
18 67
18 69
18 71
18 72
18 75
18 76
18 78
18 80
18 81
18 82
18 83
18 85
18 86
18 87
18 88
18 89
18 92
18 93
18 94
18 96
18 99
19 20
19 24
19 25
19 26
19 30
19 31
19 37
19 39
19 40
19 48
19 55
19 56
19 57
19 59
19 63
19 67
19 68
19 69
19 71
19 72
19 73
19 74
19 78
19 82
19 83
19 84
19 85
19 86
19 89
19 90
19 91
19 96
19 97
19 98
19 99
20 25
20 26
20 27
20 34
20 36
20 37
20 38
20 40
20 41
20 45
20 46
20 50
20 54
20 56
20 58
20 61
20 68
20 69
20 70
20 71
20 73
20 76
20 77
20 80
20 82
20 83
20 88
20 89
20 92
20 94
20 95
20 98
20 99
21 22
21 23
21 28
21 29
21 30
21 31
21 34
21 36
21 37
21 38
21 39
21 40
21 41
21 46
21 47
21 48
21 49
21 50
21 51
21 60
21 61
21 62
21 63
21 64
21 65
21 66
21 70
21 72
21 73
21 74
21 75
21 76
21 78
21 79
21 86
21 87
21 88
21 89
21 90
21 91
21 95
21 96
21 97
21 98
21 99
22 24
22 26
22 27
22 28
22 31
22 33
22 34
22 35
22 36
22 38
22 39
22 41
22 42
22 43
22 44
22 45
22 47
22 52
22 53
22 55
22 56
22 58
22 59
22 60
22 61
22 65
22 66
22 68
22 70
22 72
22 73
22 74
22 76
22 78
22 80
22 83
22 84
22 85
22 86
22 87
22 88
22 90
22 91
22 92
22 93
22 95
22 98
23 24
23 25
23 30
23 32
23 34
23 35
23 42
23 44
23 45
23 46
23 49
23 52
23 53
23 57
23 61
23 63
23 66
23 67
23 68
23 71
23 72
23 74
23 75
23 81
23 82
23 84
23 87
23 91
23 92
23 93
23 94
23 95
23 97
23 98
23 99
24 29
24 30
24 31
24 33
24 34
24 35
24 39
24 40
24 41
24 42
24 46
24 47
24 50
24 51
24 53
24 54
24 59
24 60
24 62
24 64
24 65
24 68
24 70
24 72
24 78
24 81
24 82
24 83
24 84
24 85
24 87
24 90
24 91
24 97
24 98
25 27
25 28
25 30
25 37
25 39
25 40
25 41
25 43
25 45
25 47
25 52
25 53
25 54
25 55
25 57
25 58
25 60
25 61
25 63
25 64
25 68
25 73
25 80
25 81
25 83
25 85
25 89
25 90
25 92
25 93
25 95
25 96
25 99
26 27
26 29
26 38
26 46
26 48
26 49
26 54
26 55
26 56
26 57
26 58
26 62
26 66
26 67
26 77
26 80
26 81
26 84
26 86
26 87
26 96
26 98
27 29
27 30
27 31
27 33
27 39
27 41
27 44
27 47
27 48
27 50
27 51
27 52
27 53
27 54
27 57
27 58
27 60
27 64
27 67
27 68
27 70
27 73
27 74
27 75
27 82
27 86
27 87
27 89
27 90
27 92
27 95
27 97
27 98
27 99
28 29
28 30
28 32
28 34
28 35
28 36
28 38
28 40
28 43
28 47
28 51
28 52
28 53
28 56
28 58
28 60
28 61
28 62
28 65
28 71
28 72
28 73
28 74
28 77
28 78
28 83
28 85
28 87
28 88
28 90
28 92
28 93
28 94
28 95
28 97
29 30
29 31
29 32
29 33
29 34
29 37
29 42
29 44
29 46
29 48
29 49
29 50
29 51
29 53
29 55
29 62
29 63
29 65
29 66
29 67
29 68
29 69
29 70
29 72
29 73
29 77
29 78
29 79
29 80
29 81
29 84
29 85
29 86
29 87
29 88
29 89
29 92
29 93
29 97
29 99
30 31
30 34
30 35
30 36
30 39
30 41
30 43
30 44
30 45
30 46
30 47
30 55
30 56
30 58
30 59
30 61
30 62
30 63
30 65
30 66
30 69
30 70
30 71
30 75
30 77
30 78
30 79
30 81
30 82
30 83
30 86
30 89
30 91
30 92
30 97
30 98
31 32
31 34
31 35
31 40
31 42
31 43
31 44
31 47
31 48
31 50
31 54
31 57
31 59
31 60
31 61
31 63
31 69
31 70
31 71
31 74
31 77
31 79
31 81
31 82
31 83
31 86
31 88
31 89
31 91
31 97
32 34
32 37
32 38
32 44
32 45
32 47
32 49
32 51
32 55
32 57
32 59
32 65
32 68
32 72
32 73
32 74
32 75
32 76
32 79
32 81
32 84
32 88
32 90
32 91
32 93
32 94
32 97
32 98
33 34
33 35
33 37
33 38
33 40
33 41
33 42
33 43
33 48
33 49
33 50
33 55
33 56
33 58
33 59
33 60
33 61
33 62
33 64
33 66
33 68
33 69
33 71
33 75
33 76
33 79
33 81
33 82
33 83
33 85
33 86
33 87
33 89
33 91
33 94
33 96
33 98
34 37
34 38
34 40
34 44
34 45
34 46
34 48
34 50
34 54
34 55
34 56
34 57
34 59
34 60
34 61
34 66
34 70
34 75
34 78
34 79
34 81
34 86
34 87
34 89
34 91
34 93
34 96
34 97
34 99
35 37
35 40
35 44
35 47
35 48
35 50
35 51
35 52
35 53
35 54
35 56
35 58
35 59
35 61
35 62
35 63
35 67
35 69
35 70
35 74
35 75
35 77
35 79
35 81
35 83
35 84
35 88
35 89
35 91
35 98
35 99
36 37
36 38
36 42
36 43
36 44
36 47
36 49
36 50
36 52
36 56
36 57
36 59
36 60
36 61
36 62
36 63
36 68
36 69
36 71
36 72
36 76
36 78
36 79
36 80
36 82
36 84
36 85
36 87
36 88
36 90
36 91
36 93
36 94
36 95
36 96
37 39
37 40
37 42
37 44
37 45
37 46
37 50
37 51
37 53
37 54
37 55
37 57
37 67
37 68
37 69
37 70
37 81
37 84
37 88
37 93
37 96
37 97
37 98
38 39
38 41
38 42
38 43
38 44
38 47
38 48
38 49
38 50
38 51
38 52
38 53
38 55
38 57
38 59
38 62
38 63
38 64
38 68
38 69
38 70
38 71
38 72
38 75
38 77
38 80
38 81
38 85
38 91
38 92
38 94
38 95
38 96
39 40
39 41
39 43
39 44
39 48
39 49
39 50
39 53
39 54
39 55
39 57
39 60
39 67
39 68
39 69
39 70
39 74
39 75
39 76
39 77
39 80
39 81
39 85
39 86
39 89
39 90
39 93
39 94
39 95
39 96
39 97
40 41
40 44
40 47
40 51
40 52
40 55
40 56
40 57
40 59
40 62
40 64
40 65
40 66
40 69
40 70
40 71
40 74
40 75
40 76
40 79
40 80
40 81
40 82
40 83
40 86
40 88
40 89
40 91
40 93
40 94
40 98
40 99
41 42
41 44
41 49
41 50
41 51
41 53
41 55
41 60
41 62
41 64
41 67
41 68
41 69
41 70
41 72
41 76
41 77
41 78
41 79
41 80
41 81
41 83
41 88
41 95
41 96
41 97
41 98
42 43
42 44
42 46
42 51
42 53
42 54
42 59
42 61
42 62
42 64
42 67
42 69
42 72
42 73
42 74
42 75
42 76
42 79
42 80
42 81
42 84
42 85
42 88
42 89
42 90
42 93
42 94
42 96
42 97
42 98
42 99
43 44
43 49
43 50
43 52
43 53
43 58
43 59
43 64
43 66
43 67
43 69
43 71
43 73
43 74
43 75
43 80
43 81
43 84
43 86
43 87
43 88
43 91
43 92
43 94
43 95
43 96
43 97
43 99
44 45
44 47
44 50
44 51
44 53
44 54
44 55
44 57
44 61
44 63
44 66
44 69
44 70
44 71
44 74
44 75
44 76
44 77
44 78
44 79
44 80
44 82
44 83
44 84
44 86
44 92
44 95
44 98
44 99
45 49
45 50
45 53
45 54
45 55
45 56
45 58
45 59
45 60
45 61
45 62
45 64
45 72
45 74
45 75
45 79
45 83
45 84
45 89
45 93
45 95
45 97
45 98
46 48
46 49
46 50
46 58
46 61
46 64
46 68
46 69
46 72
46 73
46 75
46 76
46 78
46 79
46 80
46 81
46 89
46 90
46 91
46 92
46 93
46 94
46 97
46 98
46 99
47 51
47 54
47 56
47 58
47 59
47 60
47 61
47 63
47 65
47 66
47 68
47 70
47 71
47 72
47 73
47 76
47 81
47 82
47 84
47 86
47 87
47 89
47 90
47 94
47 97
47 98
48 49
48 50
48 51
48 52
48 53
48 55
48 57
48 62
48 64
48 67
48 71
48 76
48 81
48 83
48 90
48 92
48 93
48 95
48 99
49 50
49 51
49 52
49 56
49 59
49 62
49 63
49 64
49 66
49 68
49 69
49 72
49 74
49 77
49 78
49 79
49 82
49 83
49 85
49 87
49 90
49 92
49 93
49 94
49 96
49 97
49 98
49 99
50 53
50 55
50 56
50 59
50 64
50 67
50 69
50 72
50 73
50 74
50 79
50 80
50 81
50 82
50 85
50 86
50 89
50 90
50 91
50 92
50 94
50 97
50 98
51 53
51 54
51 58
51 59
51 61
51 64
51 65
51 66
51 74
51 75
51 76
51 77
51 78
51 79
51 82
51 84
51 85
51 86
51 87
51 88
51 89
51 94
51 95
51 96
51 98
51 99
52 53
52 54
52 58
52 60
52 64
52 65
52 68
52 69
52 70
52 72
52 73
52 75
52 79
52 81
52 83
52 87
52 88
52 89
52 91
52 92
52 93
52 96
52 97
53 54
53 56
53 57
53 58
53 61
53 62
53 63
53 65
53 66
53 67
53 68
53 69
53 70
53 72
53 75
53 77
53 80
53 82
53 88
53 89
53 91
53 93
53 94
53 95
53 96
54 55
54 56
54 57
54 59
54 60
54 62
54 63
54 64
54 65
54 66
54 70
54 75
54 77
54 78
54 79
54 80
54 81
54 82
54 83
54 86
54 87
54 89
54 90
54 94
54 96
54 98
55 57
55 59
55 60
55 61
55 64
55 65
55 67
55 68
55 73
55 74
55 75
55 78
55 79
55 81
55 83
55 84
55 86
55 87
55 93
55 94
55 95
55 98
56 57
56 59
56 60
56 61
56 63
56 64
56 65
56 66
56 69
56 70
56 75
56 77
56 78
56 81
56 87
56 91
56 94
56 95
56 96
56 99
57 58
57 60
57 63
57 65
57 66
57 67
57 68
57 70
57 73
57 74
57 75
57 77
57 80
57 81
57 82
57 83
57 84
57 85
57 88
57 89
57 91
57 93
57 94
57 95
58 59
58 60
58 61
58 63
58 66
58 71
58 73
58 74
58 76
58 77
58 80
58 81
58 82
58 83
58 84
58 88
58 90
58 97
58 98
58 99
59 60
59 62
59 66
59 70
59 73
59 77
59 78
59 83
59 84
59 87
59 88
59 89
59 92
59 93
59 94
59 95
59 96
59 97
59 99
60 62
60 65
60 72
60 73
60 75
60 76
60 77
60 78
60 79
60 80
60 81
60 82
60 83
60 85
60 86
60 91
60 92
60 93
60 95
60 96
60 97
60 98
60 99
61 63
61 64
61 69
61 71
61 73
61 74
61 75
61 76
61 77
61 79
61 81
61 82
61 83
61 89
61 92
61 94
61 97
61 98
62 63
62 65
62 68
62 71
62 72
62 76
62 77
62 79
62 84
62 86
62 87
62 89
62 90
62 94
62 95
62 97
62 98
63 64
63 65
63 68
63 69
63 75
63 77
63 78
63 80
63 81
63 82
63 85
63 86
63 88
63 91
63 92
63 93
63 97
63 98
63 99
64 65
64 66
64 67
64 70
64 72
64 74
64 76
64 79
64 81
64 82
64 83
64 84
64 85
64 86
64 89
64 91
64 92
64 94
64 96
64 98
64 99
65 67
65 68
65 70
65 71
65 72
65 75
65 77
65 81
65 82
65 84
65 85
65 90
65 91
65 92
65 97
65 98
65 99
66 68
66 70
66 72
66 73
66 74
66 77
66 79
66 80
66 83
66 84
66 86
66 87
66 88
66 89
66 93
66 95
66 96
67 71
67 74
67 77
67 78
67 80
67 82
67 89
67 91
67 92
67 95
67 97
67 98
68 69
68 71
68 72
68 73
68 74
68 77
68 78
68 80
68 82
68 85
68 86
68 89
68 90
68 93
68 96
68 97
69 72
69 73
69 74
69 75
69 76
69 84
69 86
69 87
69 88
69 90
69 96
69 97
70 72
70 73
70 74
70 75
70 77
70 79
70 80
70 85
70 86
70 88
70 90
70 91
70 92
70 94
70 95
70 96
70 98
71 72
71 75
71 77
71 80
71 83
71 87
71 89
71 91
71 95
71 96
71 97
71 98
71 99
72 73
72 74
72 75
72 76
72 78
72 85
72 87
72 91
72 92
72 95
72 96
73 75
73 77
73 78
73 79
73 80
73 82
73 84
73 85
73 90
73 91
73 92
73 93
73 96
74 77
74 79
74 82
74 83
74 84
74 86
74 89
74 91
74 95
74 96
74 97
74 99
75 76
75 77
75 78
75 81
75 84
75 86
75 90
75 91
75 93
75 97
75 98
76 79
76 82
76 83
76 84
76 86
76 87
76 88
76 90
76 93
76 96
76 97
76 99
77 81
77 82
77 83
77 85
77 91
77 95
77 96
77 97
78 79
78 80
78 86
78 87
78 88
78 90
78 93
78 95
79 80
79 82
79 83
79 85
79 86
79 87
79 90
79 91
79 92
79 97
79 98
80 82
80 84
80 86
80 89
80 90
80 91
80 92
80 93
80 99
81 89
81 91
81 94
81 96
81 98
82 83
82 85
82 86
82 93
82 96
82 97
82 98
83 85
83 89
83 91
83 93
83 95
83 96
83 99
84 86
84 87
84 88
84 95
84 96
84 98
85 87
85 90
85 93
85 94
85 97
85 98
85 99
86 89
86 90
86 95
86 97
86 98
87 90
87 94
87 95
87 97
88 93
88 95
88 96
88 97
89 90
89 91
89 97
89 98
90 92
90 97
91 92
91 93
91 97
91 99
92 93
92 94
92 96
92 98
93 94
93 95
93 96
93 99
94 95
94 96
94 97
94 98
94 99
95 98
96 97
96 98
96 99
98 99